1  NOT  1193  ;
2  NOT  957  ;
4  NAND  540  ;
5  NAND  1315  ;
6  AND  1500 906  ;
7  BUF  1617 1123  ;
8  BUF  1711 1111  ;
9  NAND  1659 623  ;
10  NOT  374 1137 1172 442  ;
13  NOT  1762 9 1642 1550 395 357  ;
14  NOT  1120 1465 1117 646  ;
16  NAND  1131  ;
20  NAND  1505  ;
26  NAND  1701  ;
28  PI  1125 448  ;
30  NAND  1355 1274  ;
33  NOT  221  ;
35  NAND  1381 773  ;
37  PI  491 1 241  ;
38  NAND  1421  ;
40  NOT  95  ;
42  NOT  639  ;
45  NAND  1505  ;
47  NOT  94  ;
52  BUF  1847 852  ;
54  NAND  132  ;
55  NOT  402  ;
57  NAND  1376 203  ;
58  NAND  1437 182  ;
59  NAND  1189 159  ;
61  BUF  727 1048  ;
62  AND  477  ;
63  NOT  845 1086  ;
64  NOT  417  ;
67  NAND  1762  ;
69  NAND  1248  ;
71  NOT  1620 47  ;
72  NOT  1579  ;
75  NAND  1375  ;
76  NAND  139  ;
77  PO   ;
79  NAND  1024  ;
83  NAND  856  ;
86  AND  859 87  ;
87  NAND  1455  ;
88  NOT  1037  ;
89  NOT  1323  ;
90  BUF  640 268  ;
91  BUF  215 1410  ;
94  NAND  944  ;
95  NAND  30  ;
97  NAND  155  ;
98  NOT  157 948 1690  ;
100  NOT  1447  ;
101  BUF  240 358  ;
107  NOT  1584 204 1372 126  ;
109  NOT  1354  ;
113  NOT  1393  ;
114  NAND  1618  ;
115  NAND  1787 1416  ;
118  NAND  656 1291 329  ;
120  NOT  1620  ;
121  NAND  638  ;
122  NAND  155  ;
123  BUF  1117 646  ;
125  AND  1595 330  ;
126  BUF  1614 766  ;
127  PO   ;
128  NAND  1367  ;
130  BUF  565 64  ;
132  NAND  905 474  ;
133  NAND  250  ;
135  PI  822 1428  ;
137  NOT  1018 377 807  ;
139  AND  127  ;
140  BUF  1489 276  ;
145  NOT  369  ;
147  NOT  1167  ;
148  NAND  1078 1033  ;
149  BUF  545 1464  ;
151  BUF  1150 864  ;
154  NAND  835  ;
155  NAND  322 1104  ;
157  BUF  957 285  ;
159  NAND  1650  ;
163  AND  1087 1622 1446 59 634 979 115  ;
173  NOT  79  ;
174  AND  200  ;
176  NOT  574  ;
178  BUF  748 1432  ;
182  BUF  1184 857  ;
184  PI  1733 206  ;
187  PI  453 693  ;
189  NAND  1808 337  ;
193  BUF  1803 125  ;
194  NAND  1189 159  ;
197  NOT  281 1689 846  ;
200  PO   ;
203  NOT  610  ;
204  BUF  1597 291  ;
206  NOT  1699 498  ;
207  AND  1159 1549  ;
208  NAND  876  ;
209  AND  700 639  ;
210  NAND  1477 747  ;
212  AND  1052 1607  ;
214  BUF  782 1192  ;
215  NAND  1478  ;
216  BUF  1145 42  ;
217  NAND  682 824  ;
219  BUF  413 812  ;
221  NAND  1445  ;
227  NAND  33 1434  ;
229  BUF  1543 147  ;
230  BUF  1785 1789  ;
232  NOT  1326  ;
233  NAND  1198  ;
240  NAND  728  ;
241  NOT  693 695  ;
244  BUF  479 520  ;
246  NOT  97  ;
247  NAND  350 1207  ;
248  NAND  1153  ;
250  NAND  1475  ;
251  BUF  822 307 917 1851 212 1285  ;
252  NOT  1597  ;
253  NAND  1556  ;
254  PI  1200 750  ;
258  NOT  371  ;
260  NOT  1156  ;
266  NOT  1176  ;
267  BUF  1016 1554  ;
268  NOT  729  ;
269  NOT  759  ;
270  BUF  909 173  ;
271  NAND  1077  ;
272  NOT  4  ;
274  NOT  403  ;
276  NOT  1810  ;
277  NAND  998 1311  ;
278  BUF  283 1583  ;
280  NOT  54  ;
281  BUF  469 1426  ;
283  NAND  1027  ;
285  NOT  819  ;
287  NOT  406  ;
291  NOT  509  ;
293  NAND  1011  ;
294  NOT  968  ;
295  AND  1087 1487 209 1106 1413 1446 510 900 1692 1795 59 1740 1575 345  ;
296  PI  1436 475  ;
298  NAND  305  ;
301  NAND  724  ;
305  NAND  950 512  ;
307  AND  1239 921  ;
310  AND  1365 1208  ;
311  NAND  1198  ;
312  BUF  1845 1017  ;
313  NOT  427  ;
318  NOT  215  ;
320  NOT  586  ;
321  NAND  1562 664  ;
322  NAND  75  ;
328  BUF  1140 1757  ;
329  AND  307  ;
330  NOT  1311  ;
331  NAND  1393 1135  ;
334  BUF  1329 1676  ;
337  BUF  26 1097  ;
340  NAND  389 1814  ;
341  NAND  227  ;
342  NAND  97 1245  ;
345  NAND  1189 159  ;
347  NOT  953  ;
348  NOT  1017 1448  ;
350  NOT  114  ;
351  NOT  828 7  ;
356  BUF  426 1050 525 1744 1066 1051  ;
357  NAND  1571 818  ;
358  NOT  1246  ;
359  NOR  1859  ;
360  NAND  1356 395  ;
364  NOT  271  ;
368  BUF  589 788  ;
369  NAND  1724  ;
371  NAND  342  ;
372  NOT  1328  ;
374  BUF  550 1036  ;
377  BUF  1560 884  ;
378  NOT  820  ;
379  BUF  232 1322  ;
380  NOT  506 113  ;
381  PI  854 197  ;
383  BUF  1579 1180  ;
385  NOT  953 1572  ;
386  NAND  277  ;
388  NAND  385  ;
389  NAND  247  ;
390  BUF  402 100  ;
392  AND  1466 1545  ;
393  AND  995 233  ;
395  NAND  1630 1179  ;
396  BUF  1272 1713  ;
398  NAND  1787 1416  ;
399  BUF  1182 4  ;
401  NOT  801  ;
402  NAND  529  ;
403  AND  1413  ;
405  NOT  1078  ;
406  NAND  496  ;
407  BUF  516 1479  ;
409  NOT  1140  ;
411  NOT  1377  ;
412  PI  14 356 668 794 193 472 823  ;
413  NAND  924  ;
416  NOT  322  ;
417  NAND  1292  ;
418  NOT  629  ;
420  BUF  484 272  ;
421  NOT  413  ;
422  AND  492 1211  ;
423  NAND  58  ;
425  NOT  879  ;
426  NAND  139  ;
427  NAND  1367  ;
434  NAND  321  ;
436  NOT  971  ;
437  NAND  1056 417  ;
439  PI  756 448  ;
441  NOT  1819  ;
442  BUF  369 467  ;
444  NOT  485  ;
446  NAND  437  ;
447  NAND  1151  ;
448  NAND  1803  ;
449  NOT  654  ;
451  NOT  487 101  ;
453  NAND  1592 1166 1330  ;
456  NOT  301  ;
457  NOT  599  ;
458  NOT  1207  ;
459  NOT  479  ;
462  NOT  773  ;
467  NOT  1174  ;
469  NAND  1305  ;
471  BUF  1284 502  ;
472  NOT  1650  ;
474  NAND  1165  ;
475  BUF  597 722  ;
476  NOT  26  ;
477  AND  1120  ;
478  NOT  914  ;
479  NAND  1257  ;
482  BUF  1328 674  ;
483  NOT  760  ;
484  NAND  540  ;
485  NAND  1693  ;
486  NOT  921  ;
487  BUF  121 1000  ;
489  NOT  163 1448  ;
491  NAND  1117 646 967 253  ;
492  NOT  698  ;
496  NAND  1679  ;
497  AND  1599 1855  ;
498  BUF  961 130  ;
499  AND  643  ;
502  NAND  638  ;
503  NOT  45  ;
504  BUF  760 1770  ;
506  NAND  67  ;
508  AND  803 301  ;
509  NAND  814  ;
510  NAND  62  ;
512  NOT  522 663  ;
513  BUF  1484 1310  ;
514  NOT  588  ;
515  PI  917 720  ;
516  NAND  1315  ;
518  NAND  318 1870  ;
519  PI  8 882  ;
520  NOT  652  ;
521  BUF  1353 1417  ;
522  AND  1087 1106 1622 497 900 59 345 634 1163 207 422 194 1205  ;
524  BUF  20 503  ;
525  NAND  702  ;
526  NOT  815  ;
527  PO   ;
529  NAND  555  ;
530  NOT  1474  ;
532  NAND  1082  ;
535  NOT  1112  ;
536  NAND  1806  ;
538  NOT  776  ;
539  NAND  702  ;
540  NAND  907 1323  ;
544  BUF  914 579  ;
545  NAND  1752  ;
547  BUF  1068 1564  ;
549  BUF  1405 1007  ;
550  NAND  1794  ;
551  BUF  946 1246  ;
555  PO   ;
556  NAND  612  ;
562  NAND  672  ;
565  NAND  1292  ;
573  NOT  1592  ;
574  NAND  1867  ;
578  BUF  1685 1767  ;
579  NOT  446  ;
580  PO   ;
585  NOT  1188  ;
586  NAND  496  ;
588  NAND  539  ;
589  NAND  1794  ;
590  NOT  140 149  ;
594  PO   ;
595  NOT  725  ;
597  AND  654 1256  ;
599  NAND  1077  ;
601  NOT  1592  ;
604  NOT  1355  ;
610  NAND  35  ;
612  NAND  590  ;
614  NOT  1272  ;
618  BUF  341 378  ;
619  NAND  217  ;
620  BUF  729 752  ;
623  BUF  409 154  ;
626  NAND  1582  ;
627  NOT  1211  ;
628  NAND  1492  ;
629  NAND  1229  ;
630  NOT  87  ;
633  NAND  1364  ;
634  NAND  1189 159  ;
635  NAND  1082  ;
637  NOT  1674  ;
638  NAND  1361  ;
639  NAND  732  ;
640  NAND  1214  ;
643  NAND  62  ;
646  NAND  1336 1556  ;
648  NAND  1229  ;
652  NAND  1257  ;
653  BUF  1523 1508  ;
654  NAND  1745  ;
655  PO   ;
656  NAND  1042 513  ;
663  AND  1487 1277 643 1413 1446 1692 1795 1570 1740 958 979 392 115 398  ;
664  NOT  545  ;
666  NOT  848 1398  ;
668  BUF  967 253 248 1300  ;
669  BUF  1122 800  ;
672  NAND  312 489  ;
673  NOT  298  ;
674  NOT  688  ;
680  AND  1622 508 1277 1703 497 643 1446 510 900 1692 1570 634 1232 958 1683 1163  ;
681  NAND  1165  ;
682  NAND  869  ;
686  PI  383 10  ;
688  NAND  1640  ;
689  NOT  151 1758 178  ;
693  AND  1645 758  ;
695  AND  278 504  ;
698  NAND  1020  ;
700  NOT  1145  ;
702  AND  1338  ;
710  NAND  601  ;
714  PI  270 1637  ;
715  NAND  1327  ;
716  BUF  16 1089  ;
717  NOT  1209 347  ;
718  NOT  1329  ;
719  BUF  1136 1586  ;
720  NOT  911 1423  ;
722  AND  83 260  ;
724  NAND  1107  ;
725  NAND  1091  ;
726  BUF  819 2  ;
727  BUF  1301 843  ;
728  NAND  310 933  ;
729  NAND  1214  ;
732  NAND  580  ;
734  NOT  1645  ;
737  NAND  1433 1550  ;
738  BUF  52 1558  ;
739  BUF  1395 870  ;
741  BUF  1347 951  ;
747  NAND  1346  ;
748  BUF  833 1357  ;
750  NAND  125  ;
752  NOT  640  ;
753  PO   ;
754  NOT  1108  ;
756  AND  783 739  ;
758  NOT  1544  ;
759  NAND  710  ;
760  NAND  805  ;
761  PI  390 1030  ;
766  BUF  1326 935  ;
770  NOT  1395  ;
773  NAND  360  ;
776  NAND  1693  ;
777  NAND  815 754  ;
780  NOT  341  ;
781  PO   ;
782  BUF  681 1559  ;
783  BUF  599 364  ;
786  BUF  396 1439  ;
787  NOT  626  ;
788  NOT  550  ;
789  NOT  1039  ;
792  NOT  233  ;
793  NAND  380  ;
794  NOT  693 597 722 695 756 1200  ;
795  NOT  556  ;
798  PI  1014 63  ;
800  NOT  1547  ;
801  NAND  250  ;
803  NOT  926  ;
805  NAND  1044 1352  ;
807  BUF  368 1057  ;
811  PI  1506 1485 695  ;
812  NOT  1420  ;
814  NAND  1820 1861  ;
815  NAND  1853  ;
817  NAND  1667  ;
818  BUF  937 298  ;
819  NAND  777  ;
820  NAND  227  ;
822  AND  725 88  ;
823  NOT  1621  ;
824  NOT  1482  ;
825  NAND  1745  ;
826  NOT  423  ;
827  NAND  1049  ;
828  BUF  1337 405  ;
833  NAND  1346  ;
835  NAND  1772 1862  ;
837  NAND  1684  ;
839  NAND  1788  ;
841  PI  1429 137  ;
843  NOT  1136  ;
845  BUF  1298 604  ;
846  BUF  446 478  ;
848  BUF  69 89  ;
851  BUF  1843 635  ;
852  NOT  16  ;
854  BUF  406 320  ;
856  NAND  860 357  ;
857  NOT  536  ;
858  PI  1778 1673  ;
859  NOT  890  ;
860  BUF  801 1727  ;
864  NOT  283  ;
867  PO   ;
869  NAND  1312 949  ;
870  NOT  1067  ;
872  NOT  1465 1465  ;
874  AND  976  ;
875  NAND  342  ;
876  NAND  1722  ;
878  NOT  934  ;
879  NAND  340  ;
881  NAND  539  ;
882  NOT  719 618 214  ;
884  BUF  509 252  ;
890  NAND  1455  ;
891  NAND  867  ;
896  NOT  128  ;
900  NAND  62  ;
904  BUF  1108 526  ;
905  NOT  681  ;
906  NAND  1203  ;
907  NOT  69  ;
909  NAND  1024  ;
911  BUF  1872 109  ;
914  NAND  437  ;
915  NOT  619  ;
917  AND  401 133  ;
921  NAND  76  ;
924  NAND  1449  ;
926  NAND  724  ;
928  PI  1851 1139  ;
930  BUF  221 1237  ;
933  NOT  680 403  ;
934  NAND  710  ;
935  NOT  1322  ;
937  NOT  1542  ;
941  NAND  1011  ;
944  NAND  1567 1377  ;
946  NOT  240  ;
948  BUF  95 1842  ;
949  NOT  1607  ;
950  BUF  1457 1491  ;
951  NOT  38  ;
952  PI  1291 597  ;
953  NAND  1040  ;
955  NOT  1353  ;
957  NAND  777  ;
958  NAND  1787 1416  ;
961  BUF  556 1113  ;
967  NAND  1336  ;
968  NAND  447  ;
971  NAND  876  ;
973  NOT  1363 411  ;
976  PO   ;
977  BUF  1457 522  ;
979  AND  72 1504  ;
982  PI  212 451  ;
984  NAND  614 1268  ;
985  NOT  1554  ;
986  PO   ;
988  NOT  1557  ;
990  NAND  1787 1416  ;
995  NOT  311  ;
998  NOT  1595  ;
999  BUF  1536 718  ;
1000  NOT  502  ;
1001  NOT  1785  ;
1003  NOT  1122  ;
1004  BUF  1845 163  ;
1007  NOT  469  ;
1011  NAND  1061 1797  ;
1012  NOT  399 1287  ;
1014  BUF  698 627  ;
1016  NOT  1414  ;
1017  AND  209 1106 1703 497 1692 1575 345 1683 1163 6 392 1178 398  ;
1018  BUF  968 266  ;
1020  NAND  594  ;
1022  NOT  1347  ;
1024  NAND  1754  ;
1027  NAND  717  ;
1029  NAND  1293  ;
1030  NOT  726 1605  ;
1033  NOT  1337  ;
1036  NOT  589  ;
1037  NAND  1091  ;
1039  NAND  1063  ;
1040  NAND  1642  ;
1042  BUF  532 1098  ;
1044  NAND  1279  ;
1047  NAND  132  ;
1048  BUF  820 780  ;
1049  NAND  977 1264  ;
1050  NAND  1475  ;
1051  NAND  1375  ;
1052  NOT  1312  ;
1054  NOT  1780  ;
1056  NOT  565  ;
1057  BUF  837 637  ;
1058  NAND  1525  ;
1059  NOT  1456 1339  ;
1061  NOT  1822  ;
1062  BUF  421 1420  ;
1063  NAND  176 1325  ;
1066  NAND  174  ;
1067  NAND  331  ;
1068  NAND  321  ;
1069  NOT  648  ;
1072  NOT  1820  ;
1077  NAND  1168  ;
1078  NAND  57  ;
1082  NAND  573  ;
1086  BUF  334 407  ;
1087  AND  530 1383  ;
1088  BUF  562 1093  ;
1089  NOT  1847  ;
1091  NAND  1854 1302  ;
1093  NOT  1767  ;
1096  PI  1120 872 1619 123  ;
1097  NOT  1786  ;
1098  NOT  635  ;
1101  NAND  30  ;
1104  NOT  1204  ;
1105  NOT  1376  ;
1106  AND  1003 1547  ;
1107  PO   ;
1108  NAND  1853  ;
1111  NOT  1549  ;
1112  AND  1225 1380  ;
1113  NOT  1170  ;
1115  BUF  967 253  ;
1116  BUF  5 1565  ;
1117  AND  643 1413 1446 510 900 1692 1795 1570  ;
1118  BUF  1666 1589  ;
1120  AND  359  ;
1122  NAND  1483  ;
1123  BUF  879 441  ;
1125  NOT  967 248  ;
1126  PI  1502 750  ;
1131  NAND  1476 1810  ;
1132  BUF  934 269  ;
1135  NOT  506  ;
1136  NAND  518  ;
1137  BUF  1674 1331  ;
1139  NOT  1385 230  ;
1140  NAND  835  ;
1145  NAND  732  ;
1150  NAND  1027  ;
1151  NOT  114 458  ;
1153  AND  1039 1682  ;
1156  NAND  856  ;
1158  NOT  716 547 786  ;
1159  NOT  1711  ;
1163  NAND  1787 1416  ;
1165  NAND  1317  ;
1166  BUF  295 1772  ;
1167  NAND  984  ;
1168  NOT  1482 1438  ;
1170  NAND  612  ;
1172  BUF  1188 787  ;
1174  NAND  1724  ;
1176  NAND  447  ;
1177  BUF  1544 734  ;
1178  NAND  1189 159  ;
1179  BUF  1001 827  ;
1180  NOT  1504  ;
1182  NOT  484  ;
1184  NAND  1806  ;
1185  PO   ;
1188  NAND  1582  ;
1189  AND  1516 477  ;
1191  NOT  1797  ;
1192  BUF  817 1072  ;
1193  NAND  1506 453 1485  ;
1195  NOT  83  ;
1196  PI  1686 1115 13 251  ;
1198  NAND  986  ;
1199  NOT  549 620 1760  ;
1200  AND  524 1378  ;
1203  NAND  1249  ;
1204  NAND  75  ;
1205  NAND  1787 1416  ;
1207  NAND  1618  ;
1208  BUF  86 979 393 422 392 1585 115 990 1205 398  ;
1209  NAND  1040  ;
1211  NAND  1020  ;
1214  NAND  38 1022  ;
1217  NAND  371 1737  ;
1225  NAND  277  ;
1229  NAND  1195 1156  ;
1231  NAND  1203  ;
1232  NAND  1787 1416  ;
1237  NOT  1434  ;
1239  NOT  1601  ;
1240  NOT  1872  ;
1244  BUF  1622 508 1277 1703 1570 634 1232 958 1683 207 6 86 194 1178 1585  ;
1245  NOT  122  ;
1246  NAND  728  ;
1248  NAND  535  ;
1249  PO   ;
1253  PI  1418 98  ;
1256  NOT  825  ;
1257  NAND  795 1170  ;
1259  PI  482 107  ;
1264  NOT  1491 663  ;
1268  NAND  793  ;
1269  NOT  999 1116 904  ;
1271  PI  216 1480  ;
1272  NAND  793  ;
1273  NOT  293  ;
1274  NOT  1298  ;
1277  AND  287 586  ;
1279  NAND  874  ;
1282  NOT  1383  ;
1283  NOT  1047  ;
1284  NOT  121  ;
1285  AND  416 1204  ;
1287  BUF  1488 293  ;
1291  NAND  1592 1805 274  ;
1292  NAND  420 1568  ;
1293  PO   ;
1298  NAND  1613  ;
1300  NAND  1112  ;
1301  NAND  518  ;
1302  NAND  1279  ;
1305  NAND  585 626  ;
1310  NOT  633  ;
1311  NAND  1058  ;
1312  NAND  1691  ;
1315  NAND  826 1780  ;
1317  NOT  120 94  ;
1318  NAND  360  ;
1322  NAND  1217  ;
1323  NAND  1248  ;
1325  NAND  1867  ;
1326  NAND  1217  ;
1327  NAND  444 776  ;
1328  NAND  1640  ;
1329  NAND  210  ;
1330  NOT  499  ;
1331  NOT  837  ;
1335  BUF  1511 633  ;
1336  NAND  1087 1487 209 1106 1622 59 1740 1575 345 634 207 6 86 194 1178 1585  ;
1337  NAND  57  ;
1338  PO   ;
1339  BUF  229 1403  ;
1346  NAND  1012  ;
1347  NAND  1421  ;
1352  NOT  1302  ;
1353  NAND  1327  ;
1354  NAND  839  ;
1355  NAND  1613  ;
1356  BUF  881 514  ;
1357  NOT  747  ;
1361  NOT  1592  ;
1363  NAND  737  ;
1364  NAND  1004 348  ;
1365  BUF  1087 1487 209 1106 1795 59 1740 1575 345 207 6 194 1178  ;
1367  NAND  1819 425  ;
1372  BUF  1176 294  ;
1375  AND  753  ;
1376  NAND  35  ;
1377  NAND  737  ;
1378  BUF  875 258  ;
1380  NOT  386  ;
1381  NOT  1318  ;
1383  NAND  1658  ;
1385  BUF  971 1653  ;
1388  NAND  77  ;
1393  NAND  67  ;
1394  NOT  1543  ;
1395  NAND  331  ;
1396  NAND  1863 45  ;
1398  BUF  1822 1191  ;
1400  NOT  1068  ;
1403  BUF  536 1555  ;
1405  NAND  1305  ;
1408  PI  1118 689  ;
1409  NOT  1225  ;
1410  NOT  1870  ;
1413  NAND  62  ;
1414  NAND  1396  ;
1416  NAND  1621  ;
1417  NOT  715  ;
1418  BUF  926 456  ;
1420  NAND  924  ;
1421  NAND  648 418  ;
1423  BUF  1542 673  ;
1426  NOT  1405  ;
1428  NOT  219 1088  ;
1429  BUF  1474 1282  ;
1432  BUF  423 1054  ;
1433  BUF  1601 486  ;
1434  NAND  1445  ;
1436  BUF  118 491  ;
1437  BUF  1167 1394  ;
1438  NOT  682  ;
1439  BUF  619 988  ;
1441  BUF  311 792  ;
1445  NAND  267 379 738  ;
1446  NAND  62  ;
1447  NAND  529  ;
1448  AND  508 643 1413 510 900 1795 1570 1232 393 422 990 1205  ;
1449  NOT  1592  ;
1454  NOT  881  ;
1455  NAND  655  ;
1456  BUF  1519 1538  ;
1457  AND  508 1232 6 1178  ;
1464  NOT  1562  ;
1465  AND  359  ;
1466  NOT  1666  ;
1473  PI  1441 1269  ;
1474  NAND  1658  ;
1475  AND  1185  ;
1476  NOT  1489  ;
1477  NOT  833  ;
1478  NAND  1059  ;
1479  NOT  5  ;
1480  NOT  741 653  ;
1482  NAND  869  ;
1483  NAND  1612  ;
1484  NAND  1364  ;
1485  AND  1285  ;
1487  AND  1868 79  ;
1488  NOT  941  ;
1489  NAND  388  ;
1491  AND  209 1703 510 1575 1683 86 393 1585 990  ;
1492  PO   ;
1495  BUF  497 1163 979 393 422 392 115 990 1205 398  ;
1497  NOT  906  ;
1500  NOT  1231  ;
1502  NOT  253 1300  ;
1504  NAND  891  ;
1505  NAND  1670  ;
1506  NAND  1132 328  ;
1508  BUF  128 313  ;
1511  NOT  1484  ;
1515  BUF  890 630  ;
1516  NAND  822 307 917 1851 212 1285  ;
1519  NOT  389  ;
1523  BUF  715 955  ;
1525  PO   ;
1530  NOT  9  ;
1536  NAND  210  ;
1538  NAND  247  ;
1542  NAND  305  ;
1543  NAND  984  ;
1544  NAND  148  ;
1545  NAND  1029  ;
1546  PO   ;
1547  NAND  1483  ;
1549  NAND  628  ;
1550  NAND  851 1335  ;
1551  NOT  1325  ;
1554  NAND  1396  ;
1555  NOT  1184  ;
1556  NAND  508 1277 1703 497 1232 958 1683 1163 979 393 422 392 115 990 1205 398  ;
1557  NAND  217  ;
1558  BUF  434 1400  ;
1559  NOT  474  ;
1560  BUF  1047 280  ;
1562  NAND  1752  ;
1564  NOT  434  ;
1565  NOT  516  ;
1567  NOT  1363  ;
1568  BUF  941 1273  ;
1570  NAND  62  ;
1571  BUF  1240 1354  ;
1572  NOT  1209  ;
1575  NAND  1189 159  ;
1579  NAND  891  ;
1582  NAND  71  ;
1583  NOT  1150  ;
1584  BUF  54 1283  ;
1585  NAND  1189 159  ;
1586  NOT  1301  ;
1589  NOT  1545  ;
1592  NAND  1120 1465  ;
1595  NAND  1058  ;
1597  NAND  814  ;
1599  NOT  1874  ;
1601  NAND  76  ;
1605  BUF  244 544  ;
1607  NAND  1691  ;
1612  PO   ;
1613  NAND  1318 462  ;
1614  BUF  1414 985  ;
1617  BUF  485 538  ;
1618  NAND  1725  ;
1619  NOT  426 1050 525 1744 1066 1051  ;
1620  NAND  944  ;
1621  AND  1409 386  ;
1622  AND  372 688  ;
1628  BUF  825 449  ;
1630  BUF  436 208  ;
1634  NAND  805  ;
1637  NOT  521 1840 1628  ;
1640  NAND  527  ;
1642  NAND  1062 578  ;
1645  NAND  148  ;
1650  AND  789 1704  ;
1653  NOT  208  ;
1658  NAND  781  ;
1659  BUF  878 759  ;
1663  NOT  1855  ;
1666  NAND  1029  ;
1667  NAND  1105 610  ;
1670  NOT  1786 476  ;
1673  NOT  90 1177 61  ;
1674  NAND  1684  ;
1676  NOT  1536  ;
1679  PO   ;
1682  NOT  1704  ;
1683  NAND  1787 1416  ;
1684  NAND  1067 770  ;
1685  NOT  562  ;
1686  NOT  1193 118  ;
1689  BUF  652 459  ;
1690  BUF  1174 145  ;
1691  NAND  174  ;
1692  NAND  62  ;
1693  NAND  1158  ;
1699  BUF  1101 40  ;
1701  NAND  1530  ;
1703  AND  55 1447  ;
1704  NAND  1063  ;
1711  NAND  628  ;
1713  NOT  1268  ;
1722  NOT  1592  ;
1724  NAND  666  ;
1725  NOT  1153  ;
1727  NOT  133  ;
1733  BUF  1874 1663  ;
1737  NOT  875  ;
1740  NAND  1189 159  ;
1744  NAND  874  ;
1745  NAND  973  ;
1752  NAND  1037 595  ;
1754  PO   ;
1757  NOT  154  ;
1758  BUF  1634 483  ;
1760  BUF  91 930  ;
1762  NAND  471 551  ;
1765  PI  1515 1199  ;
1766  PI  656 329 722  ;
1767  NAND  672  ;
1770  NOT  1634  ;
1772  AND  1244 1495  ;
1775  PI  669 351  ;
1778  BUF  1231 1497  ;
1780  NAND  58  ;
1785  NAND  1049  ;
1786  NAND  1701  ;
1787  AND  1516 477  ;
1788  NOT  1592  ;
1789  NOT  827  ;
1794  NAND  457 271  ;
1795  NAND  62  ;
1797  NAND  189  ;
1803  AND  574 1551  ;
1805  BUF  680 310  ;
1806  NAND  1557 915  ;
1808  BUF  122 246  ;
1810  NAND  388  ;
1814  NOT  1538  ;
1819  NAND  340  ;
1820  NAND  1667  ;
1822  NAND  189  ;
1840  BUF  427 896  ;
1842  NOT  1101  ;
1843  NOT  532  ;
1845  AND  1487 1277 1740 958 207 86 194 1585  ;
1847  NAND  1131  ;
1851  AND  1454 588  ;
1853  NAND  629 1069  ;
1854  NOT  1044  ;
1855  NAND  1388  ;
1859  PO   ;
1861  NOT  817  ;
1862  NOT  295 499  ;
1863  NOT  20  ;
1867  NAND  1546  ;
1868  NOT  909  ;
1870  NAND  1478  ;
1872  NAND  839  ;
1874  NAND  1388  ;

