1775       0            0
1775       0            1
1766       0            0
1766       0            1
1765       0            0
1765       0            1
1473       0            0
1473       0            1
1408       0            0
1408       0            1
1271       0            0
1271       0            1
1259       0            0
1259       0            1
1253       0            0
1253       0            1
1196       0            0
1196       0            1
1126       0            0
1126       0            1
1096       0            0
1096       0            1
982        0            0
982        0            1
952        0            0
952        0            1
928        0            0
928        0            1
858        0            0
858        0            1
841        0            0
841        0            1
811        0            0
811        0            1
798        0            0
798        0            1
761        0            0
761        0            1
714        0            0
714        0            1
686        0            0
686        0            1
519        0            0
519        0            1
515        0            0
515        0            1
439        0            0
439        0            1
412        0            0
412        0            1
381        0            0
381        0            1
296        0            0
296        0            1
254        0            0
254        0            1
187        0            0
187        0            1
184        0            0
184        0            1
135        0            0
135        0            1
37         0            0
37         0            1
28         0            0
28         0            1
1515       0            0
1515       0            1
1441       0            0
1441       0            1
1480       0            0
1480       0            1
1269       0            0
1269       0            1
1418       0            0
1418       0            1
1199       0            0
1199       0            1
1686       0            0
1686       0            1
1502       0            0
1502       0            1
1118       0            0
1118       0            1
1115       0            0
1115       0            1
1619       0            0
1619       0            1
1139       0            0
1139       0            1
872        0            0
872        0            1
1673       0            0
1673       0            1
1778       0            0
1778       0            1
1429       0            0
1429       0            1
1014       0            0
1014       0            1
1030       0            0
1030       0            1
1637       0            0
1637       0            1
689        0            0
689        0            1
669        0            0
669        0            1
882        0            0
882        0            1
720        0            0
720        0            1
482        0            0
482        0            1
451        0            0
451        0            1
823        0            1
472        0            1
794        0            0
794        0            1
668        0            0
668        0            1
390        0            0
390        0            1
383        0            0
383        0            1
854        0            0
854        0            1
356        0            0
356        0            1
351        0            0
351        0            1
475        0            0
475        0            1
1436       0            0
1436       0            1
270        0            0
270        0            1
750        0            1
750        254          1
750        1126         1
251        0            0
251        0            1
216        0            0
216        0            1
197        0            0
197        0            1
193        0            0
193        0            1
206        0            0
206        0            1
1733       0            0
1733       0            1
137        0            0
137        0            1
1428       0            0
1428       0            1
123        0            0
123        0            1
107        0            0
107        0            1
98         0            0
98         0            1
63         0            0
63         0            1
241        0            0
241        0            1
448        0            1
448        28           1
448        439          1
1125       0            0
1125       0            1
14         0            0
14         0            1
13         0            0
13         0            1
10         0            0
10         0            1
8          0            0
8          0            1
1          0            1
1663       0            1
1840       0            0
1840       0            1
1628       0            0
1628       0            1
1497       0            1
1282       0            1
1760       0            0
1760       0            1
1177       0            0
1177       0            1
1385       0            0
1385       0            1
1589       0            1
1116       0            0
1116       0            1
1088       0            0
1088       0            1
1605       0            0
1605       0            1
999        0            0
999        0            1
904        0            0
904        0            1
792        0            1
741        0            0
741        0            1
726        0            0
726        0            1
1423       0            0
1423       0            1
911        0            0
911        0            1
719        0            0
719        0            1
1758       0            0
1758       0            1
800        0            1
1300       0            1
1300       668          1
1300       1502         1
653        0            0
653        0            1
630        0            1
627        0            1
620        0            0
620        0            1
618        0            0
618        0            1
549        0            0
549        0            1
521        0            0
521        0            1
674        0            1
722        0            0
722        475          1
722        794          1
722        1766         1
597        0            0
597        475          1
597        794          1
597        952          1
456        0            1
487        0            0
487        0            1
756        0            0
756        439          1
756        794          1
1180       0            1
1051       0            1
1051       356          1
1051       1619         1
1066       0            1
1066       356          1
1066       1619         1
1744       0            1
1744       356          1
1744       1619         1
525        0            1
525        356          1
525        1619         1
1050       0            1
1050       356          1
1050       1619         1
426        0            1
426        356          1
426        1619         1
828        0            0
828        0            1
320        0            1
1200       0            0
1200       254          1
1200       794          1
248        0            1
248        668          1
248        1125         1
695        0            0
695        241          1
695        794          1
695        811          1
230        0            0
230        0            1
219        0            0
219        0            1
214        0            0
214        0            1
498        0            0
498        0            1
1699       0            0
1699       0            1
846        0            0
846        0            1
1689       0            0
1689       0            1
281        0            0
281        0            1
1803       193          1
693        0            0
693        187          1
693        241          1
693        794          1
178        0            0
178        0            1
173        0            1
151        0            0
151        0            1
807        0            0
807        0            1
377        0            0
377        0            1
1018       0            0
1018       0            1
125        193          1
118        0            1
118        1436         1
118        1686         1
126        0            0
126        0            1
1372       0            0
1372       0            1
204        0            0
204        0            1
1584       0            0
1584       0            1
101        0            0
101        0            1
100        0            1
1690       0            0
1690       0            1
948        0            0
948        0            1
157        0            0
157        0            1
90         0            0
90         0            1
1086       0            0
1086       0            1
845        0            0
845        0            1
61         0            0
61         0            1
42         0            1
491        0            1
491        37           1
491        1436         1
442        0            0
442        0            1
1172       0            0
1172       0            1
1137       0            0
1137       0            1
374        0            0
374        0            1
1111       0            1
7          0            0
7          0            1
1193       0            1
1193       1686         1
1551       0            1
1653       0            1
1283       0            1
1378       0            0
1378       0            1
1331       0            1
1565       0            1
1093       0            1
1842       0            1
930        0            0
930        0            1
896        0            1
1485       811          1
1485       1193         1
1506       0            1
1506       811          1
1506       1193         1
1057       0            0
1057       0            1
787        0            1
783        0            0
783        0            1
951        0            1
739        0            0
739        0            1
734        0            1
1586       0            1
718        0            1
758        0            1
673        0            1
1508       0            0
1508       0            1
1523       0            0
1523       0            1
752        0            1
604        0            1
1256       0            1
1007       0            1
544        0            0
544        0            1
526        0            1
524        0            0
524        0            1
1417       0            1
504        0            0
504        0            1
961        0            0
961        0            1
967        0            1
967        491          1
967        668          1
967        1115         1
967        1125         1
1000       0            1
483        0            1
478        0            1
459        0            1
449        0            1
467        0            1
407        0            0
407        0            1
405        0            1
378        0            1
884        0            0
884        0            1
1560       0            0
1560       0            1
1036       0            1
368        0            0
368        0            1
334        0            0
334        0            1
294        0            1
1426       0            1
278        0            0
278        0            1
266        0            1
260        0            1
253        0            1
253        491          1
253        668          1
253        1115         1
253        1502         1
244        0            0
244        0            1
1789       0            1
812        0            1
1192       0            0
1192       0            1
782        0            0
782        0            1
291        0            1
453        0            1
453        187          1
453        1193         1
1432       0            0
1432       0            1
748        0            0
748        0            1
285        0            1
864        0            1
145        0            1
130        0            0
130        0            1
766        0            0
766        0            1
1614       0            0
1614       0            1
330        0            1
329        118          1
329        1766         1
1291       0            1
1291       118          1
1291       952          1
656        0            1
656        118          1
656        1766         1
109        0            1
358        0            1
91         0            0
91         0            1
268        0            1
1048       0            0
1048       0            1
727        0            0
727        0            1
40         0            1
646        0            1
646        14           1
646        123          1
646        491          1
1117       0            0
1117       14           1
1117       123          1
1117       491          1
1123       0            0
1123       0            1
1617       0            0
1617       0            1
2          0            1
1805       0            0
1805       0            1
1132       0            0
1132       0            1
1101       0            1
1101       1699         1
1072       0            1
1054       0            1
1047       0            1
1047       1560         1
985        0            1
1113       0            1
955        0            1
1237       0            1
837        0            1
837        1057         1
825        0            1
825        1628         1
1559       0            1
780        0            1
935        0            1
1544       0            1
1544       1177         1
1357       0            1
870        0            1
843        0            1
1301       0            1
1301       727          1
715        0            1
715        1523         1
1645       0            1
1645       693          1
1042       0            0
1042       0            1
1336       646          1
637        0            1
1405       0            1
1405       549          1
579        0            1
538        0            1
513        0            0
513        0            1
1770       0            1
503        0            1
760        0            1
760        504          1
914        0            1
914        544          1
1174       0            1
1174       1690         1
1330       0            1
1166       0            0
1166       0            1
654        0            1
654        597          1
441        0            1
1479       0            1
516        0            1
516        407          1
820        0            1
820        1048         1
788        0            1
589        0            1
589        368          1
364        0            1
1676       0            1
1329       0            1
1329       334          1
328        0            0
328        0            1
313        0            1
968        0            1
968        1018         1
509        0            1
509        884          1
819        0            1
819        726          1
469        0            1
469        281          1
280        0            1
1583       0            1
283        0            1
283        278          1
274        0            1
729        0            1
729        620          1
1176       0            1
1176       1372         1
258        0            1
1556       646          1
252        0            1
520        0            1
479        0            1
479        244          1
369        0            1
369        442          1
128        0            1
128        1508         1
1410       0            1
640        0            1
640        90           1
64         0            1
95         0            1
95         948          1
957        0            1
957        157          1
1634       0            1
1634       1758         1
1098       0            1
1536       0            1
1536       999          1
1136       0            1
1136       719          1
1674       0            1
1674       1137         1
1353       0            1
1353       521          1
652        0            1
652        1689         1
1310       0            1
446        0            1
446        846          1
550        0            1
550        374          1
341        0            1
341        618          1
1757       0            1
427        0            1
427        1840         1
269        0            1
1597       0            1
1597       204          1
1150       0            1
1150       151          1
54         0            1
54         1584         1
5          0            1
5          1116         1
1022       0            1
754        0            1
626        0            1
626        1305         1
585        0            1
815        0            1
815        777          1
1033       0            1
1078       0            1
1078       148          1
38         0            1
38         1214         1
1274       0            1
1355       0            1
1355       30           1
1170       0            1
1170       1257         1
1780       0            1
1780       1315         1
1067       0            1
1067       1684         1
1298       0            1
1298       845          1
1337       0            1
1337       828          1
826        0            1
1861       0            1
1820       0            1
1820       814          1
1352       0            1
795        0            1
770        0            1
1108       0            1
1108       904          1
1347       0            1
1347       741          1
1398       0            0
1398       0            1
848        0            0
848        0            1
1188       0            1
1188       1172         1
776        0            1
776        1327         1
1870       0            1
1870       518          1
458        0            1
457        0            1
444        0            1
1819       0            1
1819       1367         1
1056       0            1
425        0            1
411        0            1
318        0            1
271        0            1
271        1794         1
1434       0            1
1434       227          1
747        0            1
747        210          1
1477       0            1
474        0            1
474        132          1
905        0            1
417        0            1
417        437          1
33         0            1
1191       0            1
817        0            1
817        1192         1
833        0            1
833        748          1
1395       0            1
1395       739          1
681        0            1
681        782          1
556        0            1
556        961          1
599        0            1
599        783          1
485        0            1
485        1617         1
879        0            1
879        1123         1
423        0            1
423        1432         1
347        0            1
565        0            1
565        130          1
215        0            1
215        91           1
89         0            1
221        0            1
221        930          1
1069       0            1
462        0            1
418        0            1
203        0            1
1568       0            0
1568       0            1
1105       0            1
738        0            0
738        0            1
648        0            1
648        1421         1
420        0            0
420        0            1
629        0            1
629        1853         1
379        0            0
379        0            1
1814       0            1
1135       0            1
267        0            0
267        0            1
610        0            1
610        1667         1
182        0            0
182        0            1
1437       0            0
1437       0            1
47         0            1
1394       0            1
1273       0            1
1438       0            1
1339       0            0
1339       0            1
1456       0            0
1456       0            1
1287       0            0
1287       0            1
786        0            0
786        0            1
1558       0            0
1558       0            1
716        0            0
716        0            1
547        0            0
547        0            1
399        0            0
399        0            1
1322       0            1
1322       379          1
272        0            1
1554       0            1
1554       267          1
1016       0            1
232        0            1
857        0            1
149        0            0
149        0            1
140        0            0
140        0            1
120        0            1
1376       0            1
1376       57           1
52         0            0
52         0            1
94         0            1
94         1317         1
1538       0            1
1538       1456         1
1519       0            1
1400       0            1
1403       0            0
1403       0            1
1488       0            1
1195       0            1
1414       0            1
1414       1614         1
1439       0            0
1439       0            1
1089       0            1
1564       0            1
1182       0            1
396        0            0
396        0            1
293        0            1
293        1287         1
1156       0            1
1156       1229         1
1326       0            1
1326       766          1
229        0            0
229        0            1
1464       0            1
276        0            1
1620       0            1
1620       71           1
852        0            1
4          0            1
4          399          1
1555       0            1
988        0            1
941        0            1
941        1568         1
1068       0            1
1068       547          1
536        0            1
536        1403         1
434        0            1
434        1558         1
484        0            1
484        420          1
1713       0            1
389        0            1
389        340          1
1543       0            1
1543       229          1
147        0            1
83         0            1
83         722          1
1847       0            1
1847       52           1
773        0            1
773        35           1
1381       0            1
16         0            1
16         716          1
1863       0            1
1318       0            1
1318       1613         1
1737       0            1
1567       0            1
1377       0            1
1377       944          1
371        0            1
371        1217         1
1184       0            1
1184       182          1
1167       0            1
1167       1437         1
45         0            1
45         1396         1
1476       0            1
1797       0            1
1797       1011         1
1061       0            1
1363       0            1
1363       973          1
875        0            1
875        1378         1
860        0            0
860        0            1
907        0            1
664        0            1
1562       0            1
1562       321          1
1810       0            1
1810       1131         1
1207       0            1
1207       247          1
350        0            1
1323       0            1
1323       540          1
20         0            1
20         524          1
357        0            1
357        13           1
357        856          1
1822       0            1
1822       1398         1
1557       0            1
1557       1806         1
1268       0            1
1268       984          1
915        0            1
1727       0            1
614        0            1
1356       0            0
1356       0            1
818        0            0
818        0            1
1571       0            0
1571       0            1
545        0            1
545        149          1
1489       0            1
1489       140          1
114        0            1
114        1151         1
69         0            1
69         848          1
395        0            1
395        13           1
395        360          1
1240       0            1
937        0            1
1433       0            0
1433       0            1
619        0            1
619        1439         1
514        0            1
1272       0            1
1272       396          1
1179       0            0
1179       0            1
1630       0            0
1630       0            1
1245       0            1
298        0            1
298        818          1
1354       0            1
1354       1571         1
1550       0            1
1550       13           1
1550       737          1
1335       0            0
1335       0            1
1001       0            1
1542       0            1
1542       1423         1
1872       0            1
1872       911          1
851        0            0
851        0            1
827        0            1
827        1179         1
595        0            1
486        0            1
476        0            1
436        0            1
208        0            1
208        1630         1
337        0            0
337        0            1
1808       0            0
1808       0            1
1511       0            1
1843       0            1
635        0            1
635        851          1
633        0            1
633        1335         1
971        0            1
971        1385         1
1572       0            1
953        0            1
953        385          1
1097       0            1
246        0            1
1785       0            1
1785       230          1
824        0            1
682        0            1
682        217          1
122        0            1
122        1808         1
26         0            1
26         337          1
1682       0            1
1380       0            1
1786       0            1
1786       1670         1
1482       0            1
1482       1168         1
1209       0            1
1209       717          1
532        0            1
532        1042         1
1484       0            1
1484       513          1
506        0            1
506        380          1
512        0            0
512        0            1
950        0            0
950        0            1
113        0            1
97         0            1
97         342          1
1264       0            0
1264       0            1
977        0            0
977        0            1
1393       0            1
1393       331          1
1004       0            0
1004       0            1
1491       0            0
1491       950          1
1491       1264         1
1457       0            0
1457       950          1
1457       977          1
949        0            1
663        0            0
663        512          1
663        1264         1
522        0            0
522        512          1
522        977          1
348        0            0
348        0            1
1104       0            1
1642       13           1
1062       0            0
1062       0            1
578        0            0
578        0            1
1762       13           1
9          13           1
1420       0            1
1420       1062         1
1767       0            1
1767       578          1
1685       0            1
551        0            0
551        0            1
471        0            0
471        0            1
421        0            1
623        0            0
623        0            1
1659       0            0
1659       0            1
878        0            1
562        0            1
562        1088         1
946        0            1
502        0            1
502        471          1
1284       0            1
409        0            1
1246       0            1
1246       551          1
759        0            1
759        1659         1
413        0            1
413        219          1
154        0            1
154        623          1
934        0            1
934        1132         1
1140       0            1
1140       328          1
121        0            1
121        487          1
240        0            1
240        101          1
489        0            0
489        0            1
312        0            0
312        0            1
1862       0            0
1862       0            1
1772       0            0
1772       835          1
1772       1166         1
933        0            0
933        0            1
1448       0            0
1448       348          1
1448       489          1
1017       0            0
1017       312          1
1017       348          1
1845       0            0
1845       312          1
1845       1004         1
310        0            0
310        728          1
310        1805         1
163        0            0
163        489          1
163        1004         1
1495       0            0
1495       0            1
1244       0            0
1244       0            1
680        0            0
680        933          1
680        1805         1
499        1862         1
1592       453          1
1592       1291         1
1208       0            0
1208       0            1
1365       0            0
1365       0            1
295        0            0
295        1166         1
295        1862         1
403        933          1
1585       0            1
1585       1208         1
1585       1244         1
1585       1336         1
1585       1491         1
1585       1845         1
1178       0            1
1178       1017         1
1178       1244         1
1178       1336         1
1178       1365         1
1178       1457         1
990        0            1
990        1208         1
990        1448         1
990        1491         1
990        1495         1
990        1556         1
1683       0            1
1683       680          1
1683       1017         1
1683       1244         1
1683       1491         1
1683       1556         1
1232       0            1
1232       680          1
1232       1244         1
1232       1448         1
1232       1457         1
1232       1556         1
1703       0            0
1703       680          1
1703       1017         1
1703       1244         1
1703       1491         1
1703       1556         1
958        0            1
958        663          1
958        680          1
958        1244         1
958        1556         1
958        1845         1
1570       0            1
1570       663          1
1570       680          1
1570       1117         1
1570       1244         1
1570       1448         1
1277       0            0
1277       663          1
1277       680          1
1277       1244         1
1277       1556         1
1277       1845         1
1205       0            1
1205       522          1
1205       1208         1
1205       1448         1
1205       1495         1
1205       1556         1
1163       0            1
1163       522          1
1163       680          1
1163       1017         1
1163       1495         1
1163       1556         1
508        0            0
508        680          1
508        1244         1
508        1448         1
508        1457         1
508        1556         1
643        0            1
643        663          1
643        680          1
643        1117         1
643        1448         1
497        0            0
497        522          1
497        680          1
497        1017         1
497        1495         1
497        1556         1
422        0            0
422        522          1
422        1208         1
422        1448         1
422        1495         1
422        1556         1
398        0            1
398        663          1
398        1017         1
398        1208         1
398        1495         1
398        1556         1
393        0            0
393        1208         1
393        1448         1
393        1491         1
393        1495         1
393        1556         1
392        0            0
392        663          1
392        1017         1
392        1208         1
392        1495         1
392        1556         1
345        0            1
345        295          1
345        522          1
345        1017         1
345        1336         1
345        1365         1
1575       0            1
1575       295          1
1575       1017         1
1575       1336         1
1575       1365         1
1575       1491         1
1740       0            1
1740       295          1
1740       663          1
1740       1336         1
1740       1365         1
1740       1845         1
1795       0            1
1795       295          1
1795       663          1
1795       1117         1
1795       1365         1
1795       1448         1
1692       0            1
1692       295          1
1692       663          1
1692       680          1
1692       1017         1
1692       1117         1
900        0            1
900        295          1
900        522          1
900        680          1
900        1117         1
900        1448         1
510        0            1
510        295          1
510        680          1
510        1117         1
510        1448         1
510        1491         1
1413       0            1
1413       295          1
1413       663          1
1413       1117         1
1413       1448         1
1106       0            0
1106       295          1
1106       522          1
1106       1017         1
1106       1336         1
1106       1365         1
1487       0            0
1487       295          1
1487       663          1
1487       1336         1
1487       1365         1
1487       1845         1
209        0            0
209        295          1
209        1017         1
209        1336         1
209        1365         1
209        1491         1
207        0            0
207        522          1
207        1244         1
207        1336         1
207        1365         1
207        1845         1
194        0            1
194        522          1
194        1244         1
194        1336         1
194        1365         1
194        1845         1
979        0            0
979        163          1
979        663          1
979        1208         1
979        1495         1
979        1556         1
634        0            1
634        163          1
634        522          1
634        680          1
634        1244         1
634        1336         1
1446       0            1
1446       163          1
1446       295          1
1446       663          1
1446       680          1
1446       1117         1
1622       0            0
1622       163          1
1622       522          1
1622       680          1
1622       1244         1
1622       1336         1
1087       0            0
1087       163          1
1087       295          1
1087       522          1
1087       1336         1
1087       1365         1
115        0            1
115        163          1
115        663          1
115        1208         1
115        1495         1
115        1556         1
86         0            0
86         1208         1
86         1244         1
86         1336         1
86         1491         1
86         1845         1
59         0            1
59         163          1
59         295          1
59         522          1
59         1336         1
59         1365         1
1465       0            0
1465       14           1
1465       872          1
1465       872          1
1465       1592         1
6          0            0
6          1017         1
6          1244         1
6          1336         1
6          1365         1
6          1457         1
1868       0            1
1383       0            1
1383       1087         1
1003       0            1
1504       0            1
1504       979          1
1547       0            1
1547       1106         1
688        0            1
688        1622         1
530        0            1
803        0            1
1855       0            1
1855       497          1
1599       0            1
1211       0            1
1211       422          1
492        0            1
995        0            1
1545       0            1
1545       392          1
1466       0            1
372        0            1
586        0            1
586        1277         1
301        0            1
301        508          1
287        0            1
233        0            1
233        393          1
700        0            1
1549       0            1
1549       207          1
1159       0            1
1416       0            1
1416       115          1
1416       398          1
1416       958          1
1416       990          1
1416       1163         1
1416       1205         1
1416       1232         1
1416       1683         1
1787       0            0
1787       115          1
1787       398          1
1787       958          1
1787       990          1
1787       1163         1
1787       1205         1
1787       1232         1
1787       1683         1
1447       0            1
1447       1703         1
87         0            1
87         86           1
859        0            1
79         0            1
79         1487         1
72         0            1
159        0            1
159        59           1
159        194          1
159        345          1
159        634          1
159        1178         1
159        1575         1
159        1585         1
159        1740         1
1189       0            0
1189       59           1
1189       194          1
1189       345          1
1189       634          1
1189       1178         1
1189       1575         1
1189       1585         1
1189       1740         1
55         0            1
639        0            1
639        209          1
906        0            1
906        6            1
1500       0            1
1874       0            1
1874       1733         1
1231       0            1
1231       1778         1
1516       0            1
1516       1189         1
1516       1787         1
1666       0            1
1666       1118         1
890        0            1
890        1515         1
926        0            1
926        1418         1
1122       0            1
1122       669          1
1474       0            1
1474       1429         1
698        0            1
698        1014         1
1328       0            1
1328       482          1
311        0            1
311        1441         1
406        0            1
406        854          1
909        0            1
909        270          1
1145       0            1
1145       216          1
1579       0            1
1579       383          1
477        1189         1
477        1787         1
402        0            1
402        390          1
1711       0            1
1711       8            1
1704       0            1
1704       1650         1
1409       0            1
789        0            1
386        0            1
386        1621         1
1285       0            0
1285       251          1
1285       1516         1
1851       0            0
1851       251          1
1851       928          1
1851       1516         1
917        0            0
917        251          1
917        515          1
917        1516         1
307        0            0
307        251          1
307        1516         1
212        0            0
212        251          1
212        982          1
212        1516         1
822        0            0
822        135          1
822        251          1
822        1516         1
1120       14           1
1120       1096         1
1120       1592         1
1454       0            1
1225       0            1
1225       1112         1
1204       0            1
1204       1285         1
1039       0            1
1039       1153         1
725        0            1
725        822          1
588        0            1
588        1851         1
416        0            1
401        0            1
921        0            1
921        307          1
1239       0            1
1607       0            1
1607       212          1
1052       0            1
133        0            1
133        917          1
88         0            1
1601       0            1
1601       1433         1
881        0            1
881        1356         1
1312       0            1
1312       869          1
801        0            1
801        860          1
322        0            1
322        155          1
1037       0            1
1037       1752         1
1325       0            1
1325       1063         1
1311       0            1
1311       277          1
998        0            1
176        0            1
1302       0            1
1302       1091         1
1854       0            1
574        0            1
574        1803         1
1595       0            1
1595       125          1
1044       0            1
1044       805          1
