2  NAND  751  ;
3  NAND  1579  ;
4  NAND  1785  ;
6  BUF  269 829  ;
7  NOT  9  ;
9  NAND  1103  ;
11  NOT  55  ;
13  NAND  693 1297  ;
14  NAND  214 749  ;
15  NAND  523  ;
18  NAND  3 366  ;
19  NOT  1531  ;
20  BUF  768 1816  ;
23  NOT  1095  ;
24  NOT  2  ;
26  NAND  1287  ;
28  PI  755 1444  ;
29  NAND  428 1231  ;
30  NOT  1646 666 1715  ;
31  NAND  1147 759  ;
32  NOT  517 162 1178 1428 110 300  ;
34  NOT  1142  ;
35  NAND  481  ;
37  PI  1359 1021 185  ;
40  NAND  1815 1320 1529  ;
42  BUF  1470 258  ;
45  NAND  1537 1101  ;
48  NOT  909  ;
53  BUF  804 115  ;
55  NAND  489  ;
56  NAND  784  ;
57  NAND  844  ;
58  NOT  483  ;
59  NAND  317  ;
60  NOT  480  ;
61  NOT  1509  ;
62  NAND  974  ;
64  NOT  694  ;
65  NOT  641  ;
67  NAND  324  ;
71  NAND  1102  ;
73  AND  111 450  ;
74  NAND  168 1600  ;
77  PO   ;
78  NOT  1085  ;
81  BUF  126 243  ;
82  NAND  1616  ;
83  AND  1181  ;
84  NAND  592  ;
86  NAND  693 1297  ;
88  NAND  377 383  ;
89  NOT  1539  ;
90  BUF  640 754  ;
93  NOT  29  ;
95  NAND  784  ;
96  BUF  161 292  ;
97  NAND  448  ;
98  NOT  1184  ;
99  BUF  1607 340  ;
100  BUF  1306 1079  ;
101  NOT  1316 1144 597  ;
102  NOT  305  ;
103  AND  1547 988  ;
104  NAND  436 1290  ;
105  NOT  1161  ;
106  BUF  524 1122  ;
107  NAND  1019  ;
109  NAND  850 1187 1669  ;
110  NAND  792 767  ;
111  BUF  136 277  ;
112  BUF  502 1215 159 1771 1301 13 830 316 1030 703 1173 129 960 819 86  ;
114  NOT  552  ;
115  NOT  1522  ;
116  BUF  540 1717  ;
118  AND  1167 653  ;
119  BUF  968 1332  ;
122  NAND  541 82  ;
123  NOT  474  ;
125  NOT  170  ;
126  NAND  782  ;
127  PO   ;
129  AND  1459 733  ;
131  NOT  650  ;
133  NOT  1192  ;
135  PI  1424 359  ;
136  NAND  391  ;
140  NAND  327  ;
141  NOT  67  ;
144  NAND  1103  ;
145  NAND  1698  ;
147  BUF  616 1180  ;
149  NAND  477  ;
151  BUF  55 682  ;
152  NOT  759  ;
155  BUF  778 1496 413 771 56 318  ;
157  NAND  840 1833  ;
158  BUF  64 1056  ;
159  AND  19 2  ;
160  NOT  1075  ;
161  NAND  149  ;
162  NAND  577 280  ;
164  NAND  509  ;
165  NAND  551  ;
168  NOT  842  ;
170  NAND  352  ;
172  NOT  777  ;
174  AND  1782 151  ;
177  NOT  1596  ;
178  NAND  632 743  ;
179  NAND  1333  ;
182  NOT  145  ;
184  PI  572 1832  ;
185  NOT  118 174  ;
186  NOT  1037  ;
187  PI  1320 118  ;
188  BUF  1524 769  ;
191  BUF  1614 11  ;
192  NAND  567 1641  ;
194  BUF  593 1252  ;
199  AND  428  ;
200  PO   ;
205  NAND  774  ;
211  BUF  263 256  ;
212  NAND  732  ;
213  NOT  1552  ;
214  NOT  540  ;
215  AND  1535 1016  ;
216  BUF  1661 506  ;
217  AND  388 1037  ;
218  BUF  709 1637  ;
219  NOT  339  ;
221  NOT  921  ;
222  NOT  1664  ;
223  NAND  669 107  ;
224  NOT  1391  ;
225  NAND  18  ;
227  NOT  1706  ;
228  NAND  1705  ;
229  NAND  1249  ;
231  NAND  400  ;
232  AND  425 602  ;
234  BUF  1110 268  ;
237  BUF  533 1094  ;
239  BUF  1830 289  ;
241  NOT  695  ;
243  NOT  346  ;
244  NAND  1534  ;
245  NAND  317  ;
251  NOT  1127 1086  ;
254  PI  73 637  ;
255  NOR  1859  ;
256  NOT  225  ;
257  BUF  1784 23  ;
258  NOT  1230  ;
260  NOT  1373 788  ;
262  AND  337 463 502 103 270 1348 1006 13 604 703 215 960 1458  ;
263  NAND  18  ;
265  NOT  4  ;
266  NOT  880  ;
268  NOT  1350  ;
269  NAND  1106  ;
270  NAND  523  ;
273  NAND  387  ;
274  NOT  26  ;
275  NAND  93  ;
276  NOT  1110  ;
277  NOT  1747  ;
280  BUF  916 1517  ;
281  NAND  1389  ;
285  NAND  1800  ;
288  NOT  521  ;
289  NAND  157  ;
290  NOT  1042  ;
292  NOT  1512  ;
296  PI  937 1593  ;
299  NOT  1532 1802  ;
300  NAND  1570 1817  ;
301  AND  1852 48  ;
302  NOT  29  ;
305  NAND  645  ;
306  NAND  1406  ;
311  NOT  704  ;
314  NAND  451  ;
315  NAND  1688  ;
316  NAND  669 107  ;
317  NAND  555  ;
318  NAND  1218  ;
322  NAND  1681  ;
324  NAND  147 239 508  ;
326  NAND  1494  ;
327  NAND  353 1192  ;
328  NOT  332  ;
332  NAND  974  ;
333  BUF  81 901  ;
337  AND  676 1764  ;
339  NAND  88  ;
340  BUF  1360 1382  ;
342  BUF  704 1453  ;
345  NOT  384  ;
346  NAND  782  ;
349  NAND  523  ;
350  NAND  410  ;
352  NAND  1774  ;
353  NOT  701  ;
354  NAND  1494  ;
359  NOT  1710 1440  ;
361  NAND  1792  ;
363  BUF  1424 1730 728 1767 1384 931  ;
365  BUF  842 1317  ;
366  NOT  536  ;
369  BUF  1350 276  ;
370  BUF  536 493  ;
377  NAND  1276  ;
378  NAND  1406  ;
379  BUF  907 762  ;
381  PI  865 889  ;
382  NOT  908  ;
383  NOT  1636  ;
384  NAND  551  ;
387  NAND  580  ;
388  NOT  996  ;
389  NAND  1233  ;
391  NAND  1109  ;
392  NAND  104  ;
396  AND  1215 1181 15 349 270 1040 1301 830 232 215 854 1458  ;
397  AND  976  ;
399  AND  987 647  ;
400  NAND  517  ;
402  NAND  523  ;
405  NAND  1081  ;
410  NAND  145 965  ;
412  PI  705 155 1358 834 1680 98 1130  ;
413  NAND  1031  ;
414  NAND  707  ;
415  BUF  584 1132  ;
418  BUF  354 553  ;
419  BUF  880 525  ;
422  NAND  628  ;
424  NOT  1661  ;
425  NOT  212  ;
426  BUF  305 382  ;
427  NAND  123 912  ;
428  AND  255  ;
430  NOT  1242  ;
431  NOT  422  ;
433  NOT  392  ;
436  BUF  968 1129  ;
439  PI  902 1444  ;
440  NAND  848 100  ;
441  NOT  1801 925  ;
442  NOT  581  ;
443  NAND  693 1297  ;
448  NAND  1467 882  ;
450  BUF  1197 1846  ;
451  NAND  977 1536  ;
452  NAND  397  ;
453  NOT  984  ;
454  NOT  1114  ;
455  NAND  687  ;
459  NAND  867  ;
463  AND  424 807  ;
464  NAND  1218  ;
469  BUF  1804 20  ;
471  NAND  1721 571  ;
474  NAND  1456  ;
477  NOT  777 569  ;
480  NAND  1425  ;
481  NOT  650 583  ;
483  NAND  451  ;
485  NAND  101  ;
489  NAND  521 1139  ;
492  NOT  1798  ;
493  NOT  3  ;
494  NOT  1801  ;
497  NAND  741  ;
500  BUF  1552 454  ;
501  NOT  361 1093  ;
502  AND  114 672  ;
504  NAND  1698  ;
506  NOT  807  ;
507  NOT  1495  ;
508  BUF  500 831  ;
509  NAND  1492  ;
511  NOT  314  ;
514  NAND  628  ;
515  PI  728 260  ;
516  NOT  289  ;
517  NAND  1671 893  ;
519  PI  675 1624  ;
520  BUF  1736 1416  ;
521  NAND  452  ;
523  AND  199  ;
524  NAND  631  ;
525  NOT  615  ;
526  NOT  1540  ;
527  PO   ;
530  BUF  641 1053  ;
533  NAND  74  ;
534  AND  954 1452  ;
535  NOT  1005  ;
536  NAND  1579  ;
539  NAND  1345  ;
540  NAND  389  ;
541  NOT  768  ;
545  BUF  859 516  ;
547  NOT  1258  ;
548  BUF  140 492  ;
550  NOT  514  ;
551  NAND  1107  ;
552  NAND  1010  ;
553  NOT  326  ;
554  NAND  122  ;
555  PO   ;
558  NAND  448  ;
561  NOT  1321  ;
564  BUF  392 591  ;
565  AND  430 972  ;
567  AND  644 1687  ;
568  BUF  1367 262  ;
569  NOT  878  ;
570  BUF  1781 1479  ;
571  NOT  539  ;
572  BUF  1752 643  ;
574  NOT  40 109  ;
575  NOT  530 795  ;
576  NOT  558  ;
577  BUF  579 1706  ;
579  NOT  244  ;
580  PO   ;
581  NAND  1743  ;
582  NOT  1536  ;
583  NOT  231  ;
584  NAND  774  ;
591  NOT  763  ;
592  NAND  853  ;
593  NAND  946  ;
594  PO   ;
597  BUF  1071 1312  ;
598  NAND  989  ;
600  NOT  804  ;
602  NAND  732  ;
604  NAND  669 107  ;
605  NAND  77  ;
606  NOT  602  ;
607  NOT  935  ;
610  NAND  693 1297  ;
615  NAND  1822  ;
616  NOT  322  ;
621  NOT  1784  ;
622  BUF  552 799  ;
624  NOT  418 887  ;
625  NAND  558 992  ;
626  BUF  103 604 971 232 215 217 1660 854 1458 223  ;
628  NAND  1751 1265  ;
629  NOT  712  ;
630  NAND  1754  ;
631  NAND  1416 1125  ;
632  NAND  877  ;
634  NAND  455  ;
636  NAND  405  ;
637  NAND  534  ;
639  NAND  1834  ;
640  NAND  592  ;
641  NAND  471  ;
643  NOT  988  ;
644  BUF  337 565 1749 463 1040 1348 443 610 1006 703 1173 960 819  ;
645  NAND  786 65  ;
647  NOT  882  ;
648  NOT  136  ;
649  BUF  1242 1148  ;
650  NAND  400  ;
651  NOT  218 885  ;
653  NOT  179  ;
654  BUF  1798 1598  ;
655  PO   ;
656  BUF  1202 671  ;
659  AND  502 1215 159 1771 103 1181 402 349 270 1821 1301 13 830 316 1030 604  ;
660  NAND  178  ;
662  NAND  178  ;
663  NOT  936  ;
665  BUF  1422 224  ;
666  BUF  179 895  ;
669  AND  1175 199  ;
671  NOT  1629  ;
672  NAND  1010  ;
673  NAND  379 1428  ;
675  BUF  164 1790  ;
676  NOT  57  ;
678  AND  15  ;
680  BUF  1236 689  ;
682  NOT  1614  ;
683  NOT  1442  ;
686  PI  1387 808  ;
687  AND  127  ;
689  BUF  1522 600  ;
692  NAND  71  ;
693  AND  1175 199  ;
694  NAND  275  ;
695  NAND  459  ;
697  BUF  483 511  ;
701  NAND  1340  ;
703  AND  720 873  ;
704  NAND  625  ;
705  NOT  428 1231 1001 1712  ;
707  NAND  1415  ;
708  NOT  301  ;
709  NAND  851  ;
710  NOT  1764  ;
712  NAND  95  ;
714  PI  649 1574  ;
718  NOT  849  ;
720  NOT  164  ;
722  NOT  692  ;
723  NOT  83  ;
728  AND  947 84  ;
730  NAND  1824  ;
732  NAND  986  ;
733  NAND  946  ;
739  BUF  1095 621  ;
740  NOT  1180  ;
741  NAND  812  ;
743  NOT  1871  ;
748  NOT  912  ;
749  NAND  389  ;
751  NAND  1679  ;
753  PO   ;
754  NOT  84  ;
755  NOT  1194 1149  ;
757  NOT  639  ;
758  BUF  322 740  ;
759  NAND  797  ;
761  PI  920 1697  ;
762  NOT  634  ;
763  NAND  104  ;
765  BUF  1654 1080  ;
767  BUF  507 1540  ;
768  NAND  1616  ;
769  NOT  554  ;
770  BUF  350 78  ;
771  NAND  397  ;
774  NAND  125 1368  ;
776  NAND  961  ;
777  NAND  1503  ;
778  NAND  687  ;
781  PO   ;
782  NAND  993 692  ;
784  AND  200  ;
785  NAND  9 1145  ;
786  NAND  471  ;
787  NOT  802 930  ;
788  BUF  936 1657  ;
792  BUF  1141 1626  ;
795  BUF  1307 548  ;
797  NAND  1260  ;
798  PI  1460 575  ;
799  NOT  672  ;
801  NAND  337 565 1749 463 502 1348 443 610 1006 13 703 1173 129 960 819 86  ;
802  BUF  442 1539  ;
804  NAND  1475  ;
807  NAND  1163  ;
808  NOT  42 53 1216 1835  ;
810  NOT  1721  ;
811  PI  1815 1529 174  ;
812  NOT  29  ;
813  NOT  1042 105  ;
818  NAND  741  ;
819  NAND  693 1297  ;
821  NOT  907  ;
829  NOT  1615  ;
830  NAND  669 107  ;
831  BUF  1498 1841  ;
832  NOT  269  ;
834  NOT  118 1639 399 174 902 73  ;
840  NAND  785  ;
841  PI  1501 1152  ;
842  NAND  1062  ;
843  BUF  67 160  ;
844  NAND  781  ;
846  NAND  229  ;
848  BUF  144 7  ;
849  NAND  192  ;
850  NAND  765 564  ;
851  NAND  1650  ;
852  BUF  1159 285  ;
853  AND  1185  ;
854  NAND  669 107  ;
858  PI  1665 30  ;
859  NAND  157  ;
861  NAND  568 1256  ;
862  BUF  996 186  ;
865  BUF  1531 24  ;
866  NOT  770 99  ;
867  PO   ;
870  BUF  1367 1067  ;
871  BUF  480 683  ;
873  NAND  509  ;
877  NAND  288 1137  ;
878  NAND  1503  ;
880  NAND  1822  ;
882  NAND  1603  ;
885  BUF  1495 526  ;
886  NAND  1293  ;
887  BUF  849 1392  ;
889  NOT  898 1587 188  ;
891  NAND  594  ;
892  NOT  126  ;
893  BUF  718 1633  ;
894  BUF  170 926  ;
895  NOT  1167  ;
898  BUF  598 34  ;
900  NAND  1288  ;
901  BUF  554 1541  ;
902  AND  1212 1124  ;
907  NAND  455  ;
908  NAND  645  ;
909  NAND  427  ;
911  BUF  908 102  ;
912  NAND  1456  ;
916  NOT  524  ;
918  NOT  1354  ;
920  BUF  245 1402  ;
921  NAND  1705  ;
922  NAND  387  ;
923  BUF  701 133  ;
925  NOT  1829  ;
926  NOT  1368  ;
927  NAND  141 1075  ;
928  PI  1767 651  ;
929  NOT  1219  ;
930  BUF  58 314  ;
931  AND  1739 984  ;
935  AND  306 1153  ;
936  NAND  1824  ;
937  BUF  109 1359  ;
938  BUF  365 923  ;
946  NAND  655  ;
947  NOT  640  ;
952  PI  1187 1639  ;
954  NAND  1813  ;
956  NOT  1265  ;
960  NAND  693 1297  ;
961  NAND  708  ;
964  NOT  1360  ;
965  NOT  504  ;
966  NOT  1016  ;
968  AND  565 159 443 316 703 129 960 86  ;
971  AND  918 695  ;
972  NAND  630  ;
974  NAND  119 1520  ;
975  NOT  245  ;
976  PO   ;
977  NOT  1668  ;
980  NOT  584  ;
981  BUF  281 929  ;
982  PI  1384 624  ;
983  NOT  1101  ;
984  NAND  464  ;
986  PO   ;
987  NAND  1603  ;
988  NAND  605  ;
989  NAND  274 1509  ;
992  NOT  97  ;
993  NOT  1304  ;
994  NAND  405  ;
996  NAND  886  ;
1000  NAND  74  ;
1001  AND  1181 15 402 349 270 1821 1040 1301  ;
1005  NAND  1318  ;
1006  NAND  693 1297  ;
1008  NOT  1046 911 1504  ;
1010  NAND  527  ;
1014  NOT  354  ;
1016  NAND  891  ;
1019  AND  1105 378  ;
1021  NOT  40  ;
1024  BUF  1194 361  ;
1025  NOT  994  ;
1030  NAND  669 107  ;
1031  AND  1338  ;
1033  NAND  607  ;
1034  NAND  45  ;
1035  NOT  342 570  ;
1037  NAND  886  ;
1040  NAND  523  ;
1041  BUF  1142 1594  ;
1042  NAND  1783  ;
1043  NOT  262 1262  ;
1045  NAND  1769 1581  ;
1046  BUF  1629 1164  ;
1053  NOT  786  ;
1056  NAND  275  ;
1062  NAND  787  ;
1067  AND  1749 1771 349 610 1030 129 232 86 854  ;
1071  BUF  1088 983  ;
1075  NAND  324  ;
1079  NOT  1347  ;
1080  NOT  414  ;
1081  NOT  1636 1272  ;
1085  NAND  410  ;
1086  BUF  1668 582  ;
1088  NAND  35  ;
1093  NAND  935  ;
1094  NOT  1000  ;
1095  NAND  927  ;
1096  PI  428 1837 1209 1247  ;
1099  NOT  954  ;
1100  NOT  1056  ;
1101  NAND  35  ;
1102  NOT  1261 1469  ;
1103  NAND  1763 453  ;
1105  NOT  306  ;
1106  NAND  1755 311  ;
1107  PO   ;
1109  NOT  1347 1450  ;
1110  NAND  14  ;
1114  NAND  31  ;
1115  NOT  1777  ;
1120  BUF  4 1115  ;
1122  NOT  1517  ;
1123  NOT  1254  ;
1124  BUF  639 547  ;
1125  NOT  1736 83  ;
1126  PI  501 637  ;
1127  BUF  1596 1695  ;
1128  BUF  1034 222  ;
1129  AND  337 502 402 1348 13 971 1660  ;
1130  NOT  1019  ;
1132  NOT  205  ;
1137  NAND  452  ;
1138  NOT  1422  ;
1139  NOT  1137  ;
1141  NOT  709  ;
1142  NAND  989  ;
1144  BUF  900 1334  ;
1145  NOT  144  ;
1147  NOT  1381  ;
1148  NOT  972  ;
1149  NAND  301  ;
1152  NOT  981 1750 680  ;
1153  NOT  378  ;
1159  NOT  1769  ;
1160  BUF  244 227  ;
1161  NAND  1783  ;
1163  NAND  1612  ;
1164  NOT  1202  ;
1167  NAND  1333  ;
1173  AND  1123 846  ;
1174  NAND  95  ;
1175  NAND  1424 1730 728 1767 1384 931  ;
1178  NAND  158 1608  ;
1180  NAND  1681  ;
1181  NAND  523  ;
1182  BUF  1664 1723  ;
1184  AND  1221 909  ;
1185  PO   ;
1187  NAND  29 1631 1238  ;
1189  BUF  384 1873  ;
1192  NAND  1340  ;
1194  NAND  801  ;
1196  PI  574 1024 32 363  ;
1197  NAND  785  ;
1202  NAND  1662  ;
1209  NOT  778 1496 413 771 56 318  ;
1212  BUF  636 1025  ;
1213  NOT  237 654 419  ;
1215  AND  345 165  ;
1216  BUF  26 61  ;
1218  AND  753  ;
1219  NAND  1389  ;
1221  NOT  1852  ;
1226  BUF  422 550  ;
1228  NOT  161  ;
1230  NAND  1255  ;
1231  AND  255  ;
1233  NOT  290 1161  ;
1234  BUF  1627 414  ;
1236  BUF  1230 1677  ;
1238  NOT  678  ;
1242  NAND  630  ;
1243  NOT  1532  ;
1247  BUF  1001 1712  ;
1249  PO   ;
1252  NOT  733  ;
1253  PI  1189 1008  ;
1254  NAND  229  ;
1255  NAND  1343 994  ;
1256  NOT  1067 1262  ;
1258  NAND  1834  ;
1259  PI  622 1471  ;
1260  NOT  878 172  ;
1261  BUF  1381 152  ;
1262  AND  565 159 1181 15 402 1821 1040 1301 443 316 971 217 1660 223  ;
1265  NAND  485  ;
1271  PI  1709 1035  ;
1272  NOT  377  ;
1275  BUF  758 545  ;
1276  NAND  712 1735  ;
1281  NOT  533  ;
1285  BUF  894 843  ;
1287  NAND  813  ;
1288  NAND  662 1857  ;
1290  NOT  1332 396  ;
1293  PO   ;
1297  NAND  1184  ;
1299  NAND  485  ;
1300  NAND  1813  ;
1301  NAND  523  ;
1304  NAND  71  ;
1305  NAND  1033  ;
1306  NAND  315  ;
1307  BUF  1000 1281  ;
1308  NOT  263  ;
1312  BUF  339 1779  ;
1313  BUF  433 763  ;
1316  BUF  1114 213  ;
1317  NOT  1600  ;
1318  NAND  441  ;
1320  NAND  29 520 723  ;
1321  NAND  1318  ;
1324  NOT  632  ;
1325  NOT  662  ;
1332  AND  1749 463 1771 103 1821 610 1006 1030 604 1173 217 819 223  ;
1333  NAND  1085 1463  ;
1334  NOT  1498  ;
1338  PO   ;
1340  NAND  1182 1865  ;
1343  NOT  636  ;
1345  NAND  665 110  ;
1347  NAND  315  ;
1348  NAND  693 1297  ;
1350  NAND  14  ;
1354  NAND  459  ;
1358  BUF  1194 361 1149 1093  ;
1359  NAND  1001 1712 1194 361  ;
1360  NAND  1045  ;
1367  AND  1215 830 1173 819  ;
1368  NAND  352  ;
1373  BUF  818 1856  ;
1374  NAND  88  ;
1381  NAND  797  ;
1382  NOT  1399  ;
1384  AND  629 1174  ;
1386  NOT  29  ;
1387  BUF  1354 241  ;
1389  NAND  299  ;
1391  NAND  1850  ;
1392  NOT  1633  ;
1399  NAND  1045  ;
1401  BUF  1128 1120  ;
1402  NOT  59  ;
1405  BUF  1005 561  ;
1406  NAND  1099 1300  ;
1408  PI  862 1756  ;
1411  NAND  891  ;
1415  NOT  29  ;
1416  AND  112 626  ;
1422  NAND  1850  ;
1424  AND  1871 1324  ;
1425  NAND  1399 964  ;
1428  NAND  1234 1313  ;
1440  BUF  62 328  ;
1442  NAND  1425  ;
1444  NAND  1713  ;
1450  NOT  1306  ;
1452  NOT  1300  ;
1453  NOT  1755  ;
1456  NAND  1546  ;
1458  NAND  669 107  ;
1459  NOT  593  ;
1460  BUF  1411 966  ;
1463  NOT  350  ;
1467  NOT  987  ;
1469  BUF  660 1325  ;
1470  NAND  1255  ;
1471  NOT  369 211 1566 1275  ;
1472  BUF  205 980  ;
1473  PI  1858 1213  ;
1475  NAND  1258 757  ;
1479  BUF  1442 60  ;
1492  PO   ;
1494  NAND  302  ;
1495  NAND  861  ;
1496  NAND  853  ;
1498  NAND  1288  ;
1501  BUF  57 710  ;
1503  NAND  1178  ;
1504  BUF  921 1742  ;
1507  BUF  116 370  ;
1509  NAND  1287  ;
1512  NAND  149  ;
1517  NAND  631  ;
1520  NOT  1129 396  ;
1522  NAND  1475  ;
1524  NAND  122  ;
1525  PO   ;
1529  AND  931  ;
1531  NAND  751  ;
1532  NAND  961  ;
1534  NAND  1386  ;
1535  NOT  1411  ;
1536  NAND  440  ;
1537  NOT  1088  ;
1539  NAND  1743  ;
1540  NAND  861  ;
1541  NOT  1524  ;
1546  PO   ;
1547  NOT  1752  ;
1552  NAND  31  ;
1566  BUF  1219 1611  ;
1570  BUF  1731 497  ;
1574  NOT  1226 871 1405  ;
1579  NAND  182 504  ;
1581  NOT  285  ;
1587  BUF  346 892  ;
1593  BUF  1639 399  ;
1594  NOT  598  ;
1596  NAND  1033  ;
1598  NOT  140  ;
1600  NAND  1062  ;
1603  NAND  90 300  ;
1607  BUF  1299 956  ;
1608  BUF  1719 332  ;
1611  NOT  281  ;
1612  PO   ;
1614  NAND  489  ;
1615  NAND  1106  ;
1616  NAND  1844 697  ;
1624  NOT  415 257 1507  ;
1626  NAND  851  ;
1627  NOT  1654  ;
1629  NAND  1662  ;
1631  BUF  659 567  ;
1633  NAND  192  ;
1636  NAND  1276  ;
1637  NOT  1626  ;
1638  NOT  273  ;
1639  AND  1321 535  ;
1641  NOT  659 678  ;
1646  BUF  1615 832  ;
1648  NOT  1041 6 1285  ;
1649  NOT  922  ;
1650  NOT  29  ;
1654  NAND  707  ;
1657  NOT  730  ;
1660  NAND  669 107  ;
1661  NAND  1163  ;
1662  NAND  615 266  ;
1664  NAND  45  ;
1665  BUF  1254 1768  ;
1668  NAND  440  ;
1669  AND  1730  ;
1671  BUF  1014 326  ;
1677  NOT  1470  ;
1679  PO   ;
1680  BUF  1713 534  ;
1681  NAND  648 1747  ;
1687  BUF  129 971 232 215 217 86 1660 854 1458 223  ;
1688  NOT  162  ;
1695  NOT  1305  ;
1697  NOT  656 333  ;
1698  NAND  810 539  ;
1705  NAND  251  ;
1706  NAND  1534  ;
1709  BUF  273 1649  ;
1710  BUF  694 1100  ;
1712  NAND  801 1792  ;
1713  AND  474 748  ;
1715  BUF  1472 739  ;
1717  NOT  749  ;
1719  NOT  62  ;
1721  NAND  1345  ;
1723  NOT  1034  ;
1730  AND  821 634  ;
1731  NOT  818  ;
1735  NOT  1174  ;
1736  AND  337 565 1749 463 15 402 349 270 1821 1040 1348 443 610 1006  ;
1739  NOT  1763  ;
1742  NOT  228  ;
1743  NAND  177 1305  ;
1747  NAND  391  ;
1749  AND  1638 922  ;
1750  BUF  234 1799  ;
1751  NOT  1299  ;
1752  NAND  605  ;
1754  PO   ;
1755  NAND  625  ;
1756  NOT  96 191 938  ;
1763  NAND  464  ;
1764  NAND  844  ;
1765  PI  194 1648  ;
1766  PI  850 1669 399  ;
1767  AND  1138 1391  ;
1768  NOT  846  ;
1769  NAND  1800  ;
1771  AND  975 59  ;
1774  NOT  852 1401  ;
1775  PI  216 866  ;
1777  NAND  1785  ;
1779  NOT  1374  ;
1781  BUF  514 431  ;
1782  BUF  1512 1228  ;
1783  NAND  494 1829  ;
1784  NAND  927  ;
1785  NAND  1374 219  ;
1790  NOT  873  ;
1792  NAND  1215 159 1771 103 830 316 1030 604 971 232 215 217 1660 854 1458 223  ;
1798  NAND  327  ;
1799  BUF  225 1308  ;
1800  NAND  1243 776  ;
1801  NAND  673  ;
1802  NOT  776  ;
1804  BUF  1304 722  ;
1813  NAND  1525  ;
1815  NAND  1160 106  ;
1816  NOT  82  ;
1817  BUF  663 730  ;
1821  NAND  523  ;
1822  NAND  97 576  ;
1824  NAND  870 1043  ;
1829  NAND  673  ;
1830  NOT  859  ;
1832  NOT  426 469  ;
1833  NOT  1197  ;
1834  NAND  231 131  ;
1835  BUF  228 221  ;
1837  NOT  1231 1231  ;
1841  NOT  900  ;
1844  BUF  581 89  ;
1846  NOT  840  ;
1850  NAND  1031  ;
1852  NAND  427  ;
1856  NOT  497  ;
1857  NOT  660  ;
1858  BUF  212 606  ;
1859  PO   ;
1865  BUF  1777 265  ;
1871  NAND  877  ;
1873  NOT  165  ;

