1  NOT  341 1232  ;
2  BUF  1823 427  ;
5  NAND  1761 1281  ;
7  NAND  1081  ;
9  NAND  452  ;
10  NOT  831  ;
12  NAND  1248 849  ;
13  NAND  12  ;
14  NOT  36 458  ;
18  NOT  449  ;
19  NAND  421  ;
20  NAND  29  ;
22  BUF  1234 888  ;
23  NOT  874  ;
26  AND  1018 161  ;
28  PI  1514 107  ;
29  NAND  1358 76  ;
30  NOT  813  ;
31  AND  901  ;
32  BUF  575 460  ;
33  NAND  506 1849  ;
34  NAND  1075  ;
35  BUF  1680 207  ;
36  AND  1552 1580 1465 1566 612 33 433 721 1422 494 676 740 998  ;
37  PI  1201 1443 1073  ;
39  NOT  654 1832  ;
40  NAND  1173  ;
42  NAND  1097 624  ;
44  NOT  579  ;
50  NOT  400  ;
51  NAND  380  ;
56  NAND  716  ;
58  NOT  1065 1065  ;
60  BUF  379 513  ;
62  AND  1768  ;
63  NOT  276  ;
66  NAND  1726 636  ;
69  NAND  123  ;
70  NOT  1332  ;
71  AND  267 703  ;
72  NAND  613  ;
74  NAND  470  ;
76  NOT  924  ;
77  PO   ;
80  NOT  1159 1019  ;
81  NOT  959  ;
82  NAND  209  ;
83  NAND  1547  ;
87  BUF  116 365  ;
88  NAND  1273 1828  ;
89  NAND  1776  ;
90  NOT  1035  ;
92  NOT  1609  ;
95  NAND  98  ;
97  BUF  959 173  ;
98  NAND  72 650  ;
99  BUF  1129 1261  ;
102  NOT  1531  ;
104  NOT  266  ;
105  NOT  276 1425  ;
107  NAND  903  ;
111  NOT  1341  ;
113  BUF  493 978  ;
115  NOT  662  ;
116  NAND  421  ;
117  BUF  288 1647 1220 335 26 71  ;
118  NAND  655  ;
119  BUF  307 1536  ;
120  NAND  490  ;
121  NAND  1124  ;
122  NAND  1100  ;
123  NAND  392 322  ;
125  BUF  1188 446  ;
127  PO   ;
131  NOT  1341  ;
133  NAND  594  ;
135  PI  288 1147  ;
136  NAND  62  ;
137  NOT  615  ;
139  NAND  1107  ;
143  NOT  378  ;
144  BUF  692 722  ;
147  NOT  787  ;
148  BUF  398 464  ;
150  NOT  795  ;
153  NAND  633  ;
155  NAND  1417  ;
156  NOT  856 681  ;
157  NAND  478 1665  ;
158  NAND  139  ;
161  NAND  719  ;
162  NAND  90 51  ;
164  AND  836 634  ;
166  NOT  1860  ;
167  NOT  1458  ;
169  NOT  233  ;
171  NOT  964  ;
172  NOT  13  ;
173  NOT  1442  ;
177  NAND  121 1627  ;
181  NOT  89  ;
182  BUF  1262 1535  ;
183  NOT  911  ;
184  PI  297 80  ;
185  BUF  1858 44  ;
186  NOT  1569  ;
187  PI  1289 1759  ;
188  NOT  943 763  ;
190  NOT  961 172  ;
191  NAND  1402  ;
192  NAND  675  ;
193  NAND  314  ;
197  NOT  238  ;
198  BUF  1603 1747  ;
199  NAND  671  ;
200  PO   ;
201  AND  1668 233  ;
202  NOT  575  ;
207  NOT  698  ;
209  NAND  1008  ;
210  AND  56 1160  ;
211  NOT  1739  ;
213  NAND  1688  ;
217  NAND  527  ;
220  BUF  1430 892  ;
221  NAND  1776  ;
223  NAND  395  ;
225  AND  1552 1792 661 1580 724 1227 1512 612 256 1378 33 1750 1090 433  ;
226  NAND  717  ;
227  AND  1527 18  ;
230  NOT  794  ;
233  NAND  139  ;
235  NOT  609  ;
236  BUF  1326 316  ;
237  NOT  1452  ;
238  NAND  1416  ;
239  BUF  1515 265  ;
240  NOT  1389  ;
244  BUF  143 1723  ;
245  NOT  499  ;
246  BUF  771 1138  ;
248  NOT  775  ;
249  BUF  425 1781 568 369  ;
250  NOT  1162  ;
252  NOT  1131  ;
253  NOT  856  ;
254  PI  1662 397  ;
256  NAND  62  ;
258  BUF  579 638  ;
259  NAND  1272  ;
261  NAND  274  ;
262  NAND  1416  ;
264  AND  1190 245  ;
265  NOT  1234  ;
266  NAND  308  ;
267  NOT  72  ;
268  NAND  1231  ;
269  AND  901 724 1227 1512 612 256 1378 136  ;
274  NOT  82 253  ;
276  NAND  732  ;
277  NOT  759  ;
278  BUF  333 92  ;
279  NAND  1009 394  ;
280  NOT  119 670  ;
282  NAND  1148 1565  ;
283  NOT  185 1092 1241  ;
285  NOT  1358  ;
288  AND  910 583  ;
290  NAND  719  ;
295  NAND  1623  ;
296  PI  929 942  ;
297  BUF  1221 1252  ;
299  NAND  1390  ;
301  NOT  1141  ;
302  NOT  333  ;
303  NOT  423  ;
306  NAND  1605  ;
307  NAND  823  ;
308  NAND  295 1128  ;
309  NOT  1747  ;
312  BUF  1164 956  ;
314  NAND  555  ;
315  NAND  131  ;
316  NOT  1710  ;
317  NAND  1809  ;
321  NOT  31  ;
322  NOT  153  ;
323  NAND  88  ;
325  NOT  373 550  ;
329  NAND  1732  ;
330  NAND  217  ;
331  NAND  306  ;
333  NAND  1520  ;
335  AND  1578 847  ;
337  BUF  221 181  ;
340  NAND  1698  ;
341  BUF  980 1070  ;
343  AND  511 60  ;
344  NOT  1407  ;
346  NAND  506 1849  ;
348  NAND  685  ;
352  NOT  1303  ;
355  BUF  787 1522  ;
356  NAND  288 1647 1220 335 26 71  ;
359  NOT  846  ;
360  NOT  526  ;
362  NAND  1097 624  ;
365  NOT  19  ;
366  NAND  936  ;
369  NAND  1320  ;
370  BUF  1035 1219  ;
372  BUF  923 1631  ;
373  AND  661 1580 1072 1566 256 1090 433 1312 1422 767 733 933 659  ;
378  NAND  383  ;
379  NAND  123  ;
380  NAND  156  ;
381  PI  1307 1373  ;
382  NAND  632  ;
383  NAND  1611 660  ;
387  NAND  1357 153  ;
388  NOT  475  ;
391  NAND  1837 1501  ;
392  NAND  633  ;
394  NAND  1417  ;
395  NAND  125 806  ;
397  NAND  264  ;
398  NOT  1825  ;
399  NOT  1341  ;
400  NAND  1415  ;
401  NAND  1097 624  ;
403  NOT  735  ;
405  NOT  1401  ;
409  NAND  290 840  ;
411  NOT  20  ;
412  PI  1675 1471 249 620 757 1513 360  ;
413  BUF  1739 1539  ;
415  NAND  1260  ;
416  NAND  1110  ;
419  BUF  329 1774  ;
420  NOT  510  ;
421  NAND  1754  ;
423  NAND  1287  ;
424  NOT  1602 1751 1020  ;
425  NAND  640  ;
426  NAND  428 940  ;
427  BUF  226 1629  ;
428  BUF  523 137  ;
431  NOT  546  ;
432  NOT  1486 1055  ;
433  NAND  506 1849  ;
434  NOT  83  ;
436  BUF  344 382  ;
437  NOT  963  ;
438  AND  1185  ;
439  PI  164 107  ;
440  NOT  516  ;
446  NAND  1006  ;
447  NOT  415  ;
448  NOT  1866 1048  ;
449  NAND  279  ;
452  NAND  580  ;
454  NOT  1326  ;
455  NAND  111  ;
458  AND  1792 1067 901 724 1227 256 1378 136 1750 42 977 733 991 659  ;
460  NOT  843  ;
461  NOT  1588  ;
464  NAND  455  ;
465  NAND  312 1834  ;
466  NAND  1050  ;
467  BUF  780 70  ;
470  NAND  873 499  ;
474  BUF  1782 186  ;
475  NAND  1081  ;
478  NOT  893  ;
479  BUF  425 1781  ;
480  NOT  331  ;
481  BUF  193 150  ;
482  NAND  685  ;
483  NOT  121  ;
484  NAND  974  ;
485  BUF  1846 1053  ;
486  NOT  1117  ;
490  NOT  963 1796  ;
491  NAND  399  ;
492  NAND  556  ;
493  AND  1792 1067 1750 42 494 1002 740 346  ;
494  AND  1829 1354  ;
499  NAND  1815  ;
503  NAND  1547  ;
504  NOT  1247  ;
505  NOT  673  ;
506  AND  356 1768  ;
510  NAND  1352  ;
511  BUF  690 666  ;
512  NOT  1614  ;
513  NOT  69  ;
514  NAND  217  ;
515  PI  1220 1494  ;
516  NAND  1287  ;
517  NOT  329  ;
519  PI  1142 805  ;
520  BUF  1771 50  ;
523  NAND  315  ;
526  AND  1323 74  ;
527  PO   ;
531  NAND  852 1299  ;
533  NOT  1526  ;
536  NAND  1830  ;
537  BUF  1552 1792 661 1580 1378 33 1750 1090 433 494 767 740 933  ;
542  BUF  731 773  ;
544  NAND  1301  ;
546  NAND  29  ;
547  BUF  800 517  ;
550  AND  201 901 724 1512 612 1378 136 401 1186 676 362 998  ;
552  NAND  819  ;
553  NOT  1273  ;
554  NAND  1124  ;
555  PO   ;
556  NAND  448  ;
558  BUF  698 791  ;
559  NAND  885  ;
564  BUF  1618 1017  ;
567  NAND  900  ;
568  NAND  227  ;
569  NAND  617 1392  ;
573  NOT  514  ;
575  NAND  944  ;
576  NOT  619  ;
579  NAND  569  ;
580  PO   ;
581  BUF  69 965  ;
582  BUF  945 1763  ;
583  NOT  605  ;
587  NOT  536  ;
591  BUF  864 1681  ;
593  BUF  493 373  ;
594  PO   ;
596  NOT  1350 896  ;
597  NAND  616  ;
599  BUF  1401 352  ;
600  NOT  1362  ;
601  BUF  1209 248  ;
603  NOT  780  ;
605  NAND  387  ;
609  NAND  1352  ;
611  BUF  1660 512  ;
612  NAND  62  ;
613  NAND  927  ;
615  NAND  315  ;
616  AND  200  ;
617  NAND  177  ;
619  NAND  1694  ;
620  NOT  1759 736 210 343 164 1662  ;
621  NOT  816  ;
624  NAND  526  ;
628  NAND  1390  ;
629  NAND  133  ;
632  NAND  1319 937  ;
633  NAND  1574  ;
634  BUF  948 644  ;
635  NAND  115  ;
636  NAND  120  ;
638  NOT  1858  ;
639  NOT  1782  ;
640  NAND  1552 1792 661 1580 1465 33 1750 1090 433 721 494 767 1002 740 933 346  ;
642  BUF  81 1442  ;
644  NOT  484  ;
645  NAND  1369  ;
646  NAND  927  ;
647  NOT  35 1671 182  ;
650  NOT  703  ;
652  BUF  192 1235  ;
654  NAND  426 1289 1277  ;
655  PO   ;
657  NOT  961  ;
658  NAND  1272  ;
659  NAND  1097 624  ;
660  NAND  1412  ;
661  AND  862 1157  ;
662  NAND  1000 436  ;
664  NOT  116  ;
665  NAND  823  ;
666  NOT  864  ;
670  BUF  744 1336  ;
671  NAND  593 1060  ;
672  BUF  1566 1422 977 1186 676 733 991 362 998 659  ;
673  NAND  531  ;
675  NAND  969  ;
676  AND  237 629  ;
679  NOT  1299  ;
681  NOT  82  ;
684  AND  127  ;
685  AND  1338  ;
686  PI  954 1791  ;
690  NAND  261  ;
691  NOT  464  ;
692  BUF  423 440  ;
694  BUF  485 1677  ;
695  NAND  781  ;
696  BUF  225 1319  ;
698  NAND  162  ;
699  BUF  474 884  ;
702  NOT  1209  ;
703  NAND  613  ;
705  NOR  1859  ;
706  NOT  330  ;
707  NOT  213  ;
709  NAND  1260  ;
711  NAND  732  ;
712  NAND  470  ;
714  PI  87 859  ;
716  NAND  467 779  ;
717  NAND  895 198 1025  ;
719  NAND  616  ;
720  NAND  1623  ;
721  NAND  506 1849  ;
722  BUF  266 277  ;
723  NOT  1723  ;
724  NAND  62  ;
730  NOT  601 144  ;
731  BUF  1817 600  ;
732  NAND  657 13  ;
733  AND  760 213  ;
735  NAND  1050  ;
736  AND  1444 1856  ;
739  NOT  744  ;
740  NAND  506 1849  ;
741  NAND  867  ;
742  NAND  1079  ;
744  NAND  899  ;
749  BUF  1162 1290  ;
752  NOT  1064  ;
753  PO   ;
755  BUF  1656 665  ;
756  NOT  56  ;
757  BUF  903 264  ;
759  NAND  308  ;
760  NOT  877  ;
761  PI  481 1029  ;
762  NOT  355 699 372  ;
763  BUF  415 1606  ;
764  BUF  158 169  ;
767  AND  1432 475  ;
768  NOT  226  ;
771  NAND  282  ;
773  BUF  1296 240  ;
774  BUF  809 309  ;
775  NAND  1615  ;
779  NAND  1386 1581  ;
780  NAND  1226  ;
781  PO   ;
787  NAND  936  ;
791  NOT  1680  ;
792  BUF  220 865  ;
794  NAND  1402  ;
795  NAND  314  ;
798  PI  801 596  ;
800  NAND  1732  ;
801  BUF  1452 1610  ;
805  NOT  246 1705 694  ;
806  BUF  447 709  ;
808  NAND  684  ;
809  NAND  886  ;
811  PI  426 1277 343  ;
813  NAND  1694  ;
816  NAND  556  ;
819  NAND  190  ;
820  NAND  824  ;
823  NAND  1572  ;
824  NAND  484 1529  ;
826  NOT  1781 369  ;
831  AND  724  ;
833  NAND  997 679  ;
835  NAND  120  ;
836  BUF  492 621  ;
838  NOT  395 662 1008 849 1834 779  ;
840  NOT  161  ;
841  PI  236 762  ;
842  NAND  201 1067 1072 1566 401 42 1312 1422 977 1186 676 733 991 362 998 659  ;
843  NAND  944  ;
846  NAND  962  ;
847  NAND  348  ;
849  NAND  148 1123  ;
851  AND  201 401 767 933  ;
852  NOT  997  ;
855  NOT  192  ;
856  NAND  209  ;
858  PI  1398 283  ;
859  NOT  278 413 1802  ;
860  NOT  191  ;
862  NOT  9  ;
863  NOT  1093  ;
864  NAND  261  ;
865  BUF  416 1831  ;
866  NOT  193  ;
867  PO   ;
868  NOT  1665  ;
871  NOT  492  ;
873  NOT  1190  ;
874  NAND  885  ;
876  BUF  851 1198  ;
877  NAND  1688  ;
882  BUF  877 707  ;
883  NOT  295  ;
884  BUF  1510 1233  ;
885  NAND  775 702  ;
886  NAND  400 1229  ;
888  NOT  1515  ;
892  NOT  645  ;
893  NAND  1838  ;
895  BUF  166 914  ;
896  BUF  419 1577  ;
897  NOT  323  ;
899  NAND  1635 1743  ;
900  NOT  244 1004  ;
901  NAND  62  ;
903  AND  155 1308  ;
905  NOT  636  ;
906  NOT  914  ;
907  NAND  675  ;
910  NAND  387  ;
911  NAND  1079  ;
914  NAND  157  ;
916  BUF  911 1596  ;
922  NOT  95  ;
923  BUF  83 1334  ;
924  NAND  833  ;
926  NAND  1076  ;
927  AND  753  ;
928  PI  335 280  ;
929  BUF  1832 1201  ;
931  NAND  1414  ;
933  NAND  506 1849  ;
936  NAND  1066  ;
937  NOT  225 31  ;
938  NAND  317  ;
939  BUF  95 533  ;
940  BUF  1407 971  ;
942  BUF  736 210  ;
943  BUF  1600 1649  ;
944  NAND  1  ;
945  AND  1465 201 1067 1072 1566 901 1227 1512 612 256 136 721 401 42 1312 1422  ;
948  NAND  974  ;
952  PI  1158 736  ;
954  BUF  1244 504  ;
956  NOT  847  ;
959  NAND  491  ;
961  NAND  12  ;
962  NAND  684  ;
963  NAND  223  ;
964  NAND  962  ;
965  NOT  379  ;
967  BUF  262 197  ;
969  NOT  370 1852  ;
970  NOT  1320  ;
971  NOT  382  ;
974  NAND  1528 437  ;
976  PO   ;
977  AND  1411 1247  ;
978  AND  1552 1465 1227 33 721 977 991  ;
980  NAND  1412  ;
982  PI  26 188  ;
986  PO   ;
991  NAND  1097 624  ;
994  NOT  74  ;
997  NAND  465  ;
998  NAND  1097 624  ;
1000  BUF  1295 615  ;
1002  AND  405 1303  ;
1004  BUF  1395 89  ;
1005  NOT  1769  ;
1006  NAND  1068  ;
1008  NAND  642 1857  ;
1009  NOT  155  ;
1012  BUF  1465 201 1067 1072 136 721 401 42 1312 494 767 1002 740 933 346  ;
1017  NOT  820  ;
1018  NOT  290  ;
1019  BUF  652 749  ;
1020  BUF  843 202  ;
1021  BUF  259 1036  ;
1024  BUF  1002 977 1186 676 733 346 991 362 998 659  ;
1025  BUF  558 1321  ;
1027  NOT  1565  ;
1028  AND  1647  ;
1029  NOT  1591 792  ;
1032  BUF  1458 863  ;
1034  NOT  617  ;
1035  NAND  380  ;
1036  NOT  658  ;
1037  NAND  986  ;
1038  NAND  409  ;
1041  NAND  876 14  ;
1043  NOT  1817  ;
1045  BUF  378 723  ;
1046  BUF  239 967  ;
1048  NOT  1038  ;
1050  NAND  1702 1389  ;
1053  NOT  1501  ;
1055  BUF  1199 1225  ;
1059  NOT  808 1604 482 1242 597 646  ;
1060  NOT  978 550  ;
1064  NAND  1037  ;
1065  AND  705  ;
1066  NOT  1648 480  ;
1067  AND  1374 340  ;
1068  NOT  1341  ;
1070  NOT  660  ;
1072  AND  866 795  ;
1073  NOT  1759 343  ;
1074  NAND  1451  ;
1075  NAND  77  ;
1076  NAND  939 611  ;
1079  NAND  105  ;
1080  NOT  262  ;
1081  NAND  1249  ;
1083  NAND  794 860  ;
1090  NAND  506 1849  ;
1092  BUF  874 1638  ;
1093  NAND  931  ;
1096  PI  1359 58 1059 1835  ;
1097  AND  356 1768  ;
1100  NAND  605 1753  ;
1101  NOT  1406 258 2  ;
1102  BUF  503 434  ;
1107  PO   ;
1110  NAND  250 1254  ;
1117  NAND  1041  ;
1123  BUF  1480 1706  ;
1124  NAND  756 1715  ;
1126  PI  826 397  ;
1128  NOT  720  ;
1129  NAND  1110  ;
1131  NAND  1076  ;
1133  BUF  199 461  ;
1137  NOT  466  ;
1138  NOT  1404  ;
1141  NAND  1041  ;
1142  BUF  40 1654  ;
1143  NAND  640 842  ;
1146  BUF  1569 639  ;
1147  NOT  97 1133  ;
1148  NOT  938  ;
1149  NOT  1721  ;
1152  NAND  88  ;
1157  NAND  452  ;
1158  NAND  1341 582 10  ;
1159  BUF  20 431  ;
1160  NOT  1715  ;
1162  NAND  1187  ;
1164  NAND  348  ;
1169  AND  1263 449  ;
1173  NAND  1492  ;
1178  BUF  1860 906  ;
1185  PO   ;
1186  AND  752 1531  ;
1187  NAND  1045 337  ;
1188  NOT  1600  ;
1189  NOT  1221  ;
1190  NAND  1815  ;
1196  PI  39 479 838 117  ;
1198  AND  661 1072 1512 1090 1312 1002 1186 346 362  ;
1199  BUF  1609 302  ;
1201  NAND  269 1143 425 1781  ;
1205  NAND  717  ;
1209  NAND  1615  ;
1213  NOT  926  ;
1219  NOT  51  ;
1220  AND  603 1332  ;
1221  NAND  1075  ;
1225  BUF  1590 211  ;
1226  NAND  438  ;
1227  NAND  62  ;
1229  NOT  1771  ;
1230  BUF  330 573  ;
1231  NOT  63 711  ;
1232  BUF  1131 1213  ;
1233  NOT  1594  ;
1234  NAND  66  ;
1235  NOT  907  ;
1241  BUF  1641 1461  ;
1242  NAND  1574  ;
1244  NAND  741  ;
1247  NAND  741  ;
1248  BUF  846 171  ;
1249  PO   ;
1252  NOT  34  ;
1253  PI  764 424  ;
1254  NAND  1187  ;
1259  PI  1230 1735  ;
1260  NAND  1763 1697  ;
1261  NOT  416  ;
1262  BUF  835 905  ;
1263  NOT  1527  ;
1271  PI  1424 432  ;
1272  NAND  183 742  ;
1273  NAND  1100  ;
1275  BUF  883 720  ;
1277  AND  71  ;
1278  NOT  1614 1816  ;
1281  BUF  544 1498  ;
1287  NAND  647  ;
1288  NOT  1430  ;
1289  NAND  1341 696 321  ;
1290  NOT  1254  ;
1293  PO   ;
1294  NOT  1510  ;
1295  NOT  523  ;
1296  NAND  1738  ;
1299  NAND  465  ;
1301  NAND  113 325  ;
1303  NAND  118  ;
1307  BUF  1636 1573  ;
1308  NOT  394  ;
1310  NOT  1152  ;
1312  NAND  1097 624  ;
1319  AND  1012 672  ;
1320  AND  712 994  ;
1321  BUF  1152 897  ;
1323  NOT  712  ;
1326  NAND  695  ;
1332  NAND  1226  ;
1334  NOT  503  ;
1336  NOT  1626  ;
1338  PO   ;
1340  BUF  739 1626  ;
1341  NAND  1359 1065  ;
1350  BUF  924 285  ;
1351  NOT  1532  ;
1352  NAND  554 483  ;
1354  NAND  1173  ;
1357  NOT  392  ;
1358  NAND  833  ;
1359  AND  705  ;
1360  NOT  299  ;
1362  NAND  567  ;
1368  NOT  1444  ;
1369  NAND  855 907  ;
1373  NOT  1021 1575 99  ;
1374  NOT  1636  ;
1378  NAND  62  ;
1382  NOT  1074  ;
1383  NOT  199  ;
1386  BUF  167 1093  ;
1389  NAND  1738  ;
1390  NAND  510 235  ;
1391  NOT  259  ;
1392  NOT  1468  ;
1395  NOT  221  ;
1398  BUF  7 388  ;
1401  NAND  118  ;
1402  NAND  505 1769  ;
1404  NAND  282  ;
1406  BUF  658 1391  ;
1407  NAND  632  ;
1408  PI  882 1839  ;
1411  NOT  1244  ;
1412  NAND  970  ;
1414  NOT  1341  ;
1415  NAND  1526 922  ;
1416  NAND  619 30  ;
1417  NAND  1546  ;
1419  BUF  1532 1382  ;
1422  NAND  1097 624  ;
1424  BUF  9 1734  ;
1425  NOT  711  ;
1427  NOT  547 1467 1764  ;
1430  NAND  1369  ;
1432  NOT  7  ;
1442  NAND  491  ;
1443  NOT  654  ;
1444  NAND  819  ;
1451  NAND  1612  ;
1452  NAND  133  ;
1458  NAND  931  ;
1461  BUF  536 1149  ;
1465  AND  706 514  ;
1467  BUF  735 1137  ;
1468  NAND  177  ;
1471  BUF  808 1604 482 1242 597 646  ;
1472  NAND  759 104  ;
1473  PI  1672 1427  ;
1480  NOT  544  ;
1486  BUF  1468 1034  ;
1492  PO   ;
1494  NOT  1032 1593  ;
1498  NOT  1706  ;
1501  NAND  268  ;
1510  NAND  1083  ;
1512  NAND  62  ;
1513  NOT  1169  ;
1514  NOT  425 568  ;
1515  NAND  66  ;
1520  NAND  303 516  ;
1522  NOT  366  ;
1525  PO   ;
1526  NAND  98  ;
1527  NAND  279  ;
1528  NAND  223  ;
1529  NOT  948  ;
1531  NAND  1037  ;
1532  NAND  1451  ;
1535  BUF  813 576  ;
1536  NOT  665  ;
1539  NOT  1590  ;
1546  PO   ;
1547  NAND  871 816  ;
1552  AND  454 1710  ;
1565  NAND  317  ;
1566  AND  1189 34  ;
1569  NAND  391  ;
1572  NOT  1341  ;
1573  NOT  340  ;
1574  AND  976  ;
1575  BUF  645 1288  ;
1577  BUF  466 403  ;
1578  NOT  1164  ;
1580  AND  1351 1074  ;
1581  BUF  486 1141  ;
1588  NAND  671  ;
1590  NAND  1472  ;
1591  BUF  299 1800  ;
1593  BUF  1117 301  ;
1594  NAND  1083  ;
1596  NOT  742  ;
1600  NAND  1006  ;
1602  BUF  628 1360  ;
1603  NOT  809  ;
1604  NAND  438  ;
1605  NOT  227  ;
1606  NOT  709  ;
1609  NAND  1520  ;
1610  NOT  629  ;
1611  NOT  980  ;
1612  PO   ;
1614  NAND  635  ;
1615  NAND  673 1005  ;
1618  NAND  824  ;
1623  NAND  1730 331  ;
1626  NAND  899  ;
1627  NOT  554  ;
1629  NOT  1205  ;
1631  BUF  820 1864  ;
1635  BUF  851 36  ;
1636  NAND  1698  ;
1638  NOT  559  ;
1641  BUF  1404 1714  ;
1647  AND  359 964  ;
1648  NAND  306  ;
1649  NOT  446  ;
1654  NOT  1354  ;
1655  BUF  1178 774  ;
1656  NOT  307  ;
1660  NAND  635  ;
1662  AND  1865 520  ;
1665  NAND  1838  ;
1668  NOT  158  ;
1669  NOT  1866  ;
1671  BUF  323 1310  ;
1672  BUF  1064 102  ;
1675  NOT  1359 1065 269 1143  ;
1677  BUF  191 230  ;
1679  PO   ;
1680  NAND  162  ;
1681  NOT  690  ;
1688  NAND  1293  ;
1694  NAND  1038 1669  ;
1697  NOT  945 831  ;
1698  NAND  1679  ;
1702  NOT  1296  ;
1705  BUF  1721 587  ;
1706  NAND  1301  ;
1710  NAND  695  ;
1714  NOT  771  ;
1715  NAND  716  ;
1721  NAND  1830  ;
1723  NAND  383  ;
1726  NOT  835  ;
1729  BUF  238 1080  ;
1730  NOT  1648  ;
1732  NAND  1043 1362  ;
1734  NOT  1157  ;
1735  NOT  1146 1736 1755 1655  ;
1736  BUF  1594 1294  ;
1738  NAND  22 1729  ;
1739  NAND  1472  ;
1743  NOT  1198 458  ;
1747  NAND  886  ;
1750  NAND  506 1849  ;
1751  BUF  546 411  ;
1753  NOT  910  ;
1754  PO   ;
1755  BUF  366 147  ;
1759  AND  559 23  ;
1761  BUF  1825 691  ;
1763  AND  537 1024  ;
1764  BUF  609 420  ;
1765  PI  599 1101  ;
1766  PI  5 1028 210  ;
1768  AND  1359  ;
1769  NAND  531  ;
1771  NAND  1415  ;
1774  NOT  800  ;
1775  PI  1419 730  ;
1776  NAND  252 926  ;
1781  NAND  842  ;
1782  NAND  391  ;
1791  NOT  1102 564 916 32  ;
1792  AND  664 19  ;
1796  NOT  1528  ;
1800  NOT  628  ;
1802  BUF  552 1368  ;
1809  NOT  1275 1046  ;
1815  NAND  1525  ;
1816  NOT  1660  ;
1817  NAND  567  ;
1823  BUF  938 1027  ;
1825  NAND  455  ;
1828  NOT  122  ;
1829  NOT  40  ;
1830  NAND  768 1205  ;
1831  NOT  1129  ;
1832  NAND  5 1158 1028  ;
1834  NAND  755 1340  ;
1835  BUF  269 1143  ;
1837  NOT  1846  ;
1838  NAND  1278  ;
1839  NOT  591 581 542  ;
1846  NAND  268  ;
1849  NAND  1169  ;
1852  BUF  122 553  ;
1856  NOT  552  ;
1857  BUF  1383 1588  ;
1858  NAND  569  ;
1859  PO   ;
1860  NAND  157  ;
1864  NOT  1618  ;
1865  BUF  893 868  ;
1866  NAND  409  ;

