1  BUF  1133 1804  ;
2  AND  671 265  ;
3  NOT  804  ;
4  NOT  1356  ;
5  NAND  345  ;
6  NOT  742  ;
8  BUF  1632 625  ;
10  NAND  382  ;
12  NOT  629  ;
13  NAND  315  ;
14  NOT  602  ;
15  NAND  67  ;
18  NAND  665  ;
20  NAND  1783 1182  ;
21  NOT  282  ;
23  NAND  110  ;
24  BUF  488 1069  ;
27  NAND  1239  ;
28  PI  310 1175  ;
29  NOT  1062  ;
32  NAND  402  ;
33  NAND  645  ;
34  NOT  705 568  ;
35  AND  4 458  ;
36  NAND  1610 530  ;
37  PI  85 834 1371  ;
38  AND  1041 585 509 277 1573 955 877 451 51 1494 746 907 99  ;
42  NAND  207  ;
43  NAND  646  ;
44  NAND  945  ;
46  NOT  1646  ;
48  NOT  627  ;
50  NOT  503 1807  ;
51  NAND  2 1517  ;
54  NAND  207  ;
55  NOT  1593  ;
56  NAND  1832  ;
57  NAND  618  ;
58  AND  127  ;
59  NAND  58  ;
61  NOT  1544  ;
64  BUF  1636 1332  ;
65  NAND  1527 1467  ;
66  NAND  1532 374  ;
67  NAND  836 1622  ;
69  NAND  806 908  ;
77  PO   ;
78  NAND  1118  ;
81  NAND  1077 1059 1041 585 1777 582 1796 955 877 1374 802 1494 1615 584 907 994  ;
83  BUF  607 778  ;
85  NAND  948 1023 1243 1109  ;
88  NOT  816  ;
89  NOT  566  ;
90  BUF  1297 1532  ;
91  NOT  692  ;
94  NOT  13  ;
99  NAND  2 1517  ;
102  NAND  1431 1117 1102  ;
103  BUF  564 835  ;
105  NAND  1387 245  ;
107  NOT  535  ;
108  NAND  129 387  ;
109  NAND  703 225  ;
110  AND  1338  ;
111  NAND  1314  ;
115  NOT  975  ;
116  NOT  1261 729  ;
118  NOT  521  ;
119  NOT  505  ;
121  NAND  606 264  ;
122  BUF  1221 754  ;
123  NAND  1546  ;
125  NOT  1495  ;
127  PO   ;
129  NAND  682  ;
130  NOT  1540  ;
131  NAND  1099  ;
132  NOT  182  ;
133  NOT  1479 1260  ;
135  PI  596 116  ;
136  NAND  986  ;
137  BUF  960 38  ;
139  NOT  1152 1714 437 696 288 550  ;
141  NAND  553  ;
142  AND  1401  ;
143  BUF  1033 1367  ;
148  NOT  160 1680  ;
152  NOT  264  ;
153  BUF  1247 1398  ;
156  BUF  392 1717  ;
157  NOT  323  ;
158  NOT  654  ;
159  AND  1077 585 1777 1406 582 877 1374 51 802 687 584 456  ;
160  BUF  1231 1678  ;
161  NOT  250  ;
167  NAND  1278 173  ;
168  NOT  494  ;
169  BUF  494 1561  ;
170  AND  1401  ;
171  NAND  357  ;
172  NOT  159 620  ;
173  BUF  1626 217  ;
175  NOT  458  ;
176  NOT  1213  ;
178  NAND  105  ;
179  BUF  1866 1216  ;
182  NAND  417  ;
183  NAND  1094 1533  ;
184  PI  875 744  ;
185  NAND  1404  ;
187  PI  1451 1152  ;
188  BUF  690 1502  ;
189  NOT  442  ;
190  NAND  1385  ;
192  BUF  1835 1742  ;
195  NAND  1672  ;
196  NAND  639 1349  ;
198  NOT  808 102  ;
199  NOT  362  ;
200  PO   ;
203  NAND  1074  ;
205  BUF  1714 437  ;
206  BUF  552 1657  ;
207  NAND  1838 1858  ;
211  NOT  54  ;
212  NAND  1681  ;
214  NAND  315  ;
217  NOT  1054  ;
218  NOT  1821 543 1700 959 287 196  ;
222  BUF  1411 651  ;
223  NAND  1120 161  ;
225  NAND  1319  ;
226  NOT  1046 623 8  ;
227  NAND  23  ;
228  NOT  644  ;
229  NAND  956  ;
232  NAND  557  ;
234  NOT  1172 12  ;
239  NAND  109  ;
240  NOT  1172  ;
241  NAND  1334  ;
242  NAND  1207  ;
244  NOT  1582  ;
245  NAND  1608  ;
248  NAND  1681  ;
249  BUF  535 1010  ;
250  NAND  1719  ;
251  BUF  1453 431  ;
253  NOT  1321  ;
254  PI  550 514  ;
261  NOT  1522  ;
263  NAND  157 1544  ;
264  NAND  123  ;
265  AND  142  ;
269  NOT  513  ;
272  BUF  1226 1813 632 5 1289 604  ;
274  NOT  543  ;
275  NOT  1633 1008  ;
277  AND  115 408  ;
278  BUF  513 380  ;
279  NAND  1524 541  ;
282  NAND  500  ;
283  NAND  915  ;
286  NAND  1009  ;
287  NAND  963 1275  ;
288  AND  1712 1782  ;
289  NOT  1033  ;
291  NOT  1133  ;
292  NOT  716  ;
295  NAND  1095  ;
296  PI  993 205  ;
301  NOT  1610  ;
302  BUF  804 189  ;
303  BUF  119 436  ;
305  NAND  1277 34  ;
308  NOT  503  ;
310  NOT  1243 286  ;
311  AND  1065 1751  ;
312  NAND  480  ;
315  NAND  50  ;
316  NAND  279  ;
318  NOT  15  ;
319  NAND  67  ;
321  NAND  1792 708  ;
322  BUF  960 605  ;
323  NAND  485  ;
326  NAND  1128  ;
330  BUF  1077 1059 1041 585 1417 582 1796 955 877 802 1494 584 907  ;
331  BUF  1243 1109 286 766  ;
332  NAND  382  ;
333  NOT  603 1461 526  ;
334  BUF  1815 863  ;
335  NAND  789  ;
336  NAND  417  ;
337  BUF  818 627  ;
338  NAND  137 1399  ;
339  NAND  274  ;
341  NAND  1227 241  ;
342  AND  616 56  ;
345  AND  976  ;
346  BUF  717 830  ;
348  BUF  895 1083  ;
351  NOT  801  ;
352  NAND  1424  ;
353  NOT  170 170  ;
355  NAND  915  ;
357  NAND  1293  ;
358  NAND  1695  ;
361  NAND  36  ;
362  NAND  1430  ;
365  BUF  1026 261  ;
366  NAND  1095  ;
367  NOT  436  ;
369  NAND  492  ;
370  NAND  1525  ;
371  AND  107 18  ;
374  NOT  1297 1668  ;
378  BUF  1739 922  ;
380  NOT  1432  ;
381  PI  302 443  ;
382  AND  265  ;
387  NOT  448  ;
390  NAND  1319  ;
391  BUF  596 35 371 1637 1606 609  ;
392  NAND  20  ;
394  NOT  987  ;
396  NOT  1244  ;
397  NAND  428  ;
398  BUF  1147 947  ;
400  NAND  553  ;
402  NOT  1495  ;
406  BUF  54 685  ;
407  NAND  1612  ;
408  NAND  793  ;
409  NOT  499  ;
410  BUF  779 1129  ;
411  NAND  1578  ;
412  PI  978 272 331 139 617 421 1201  ;
413  NOT  1622  ;
414  NOT  1528  ;
415  BUF  13 1320  ;
416  NOT  438  ;
417  NAND  422  ;
418  NOT  361  ;
419  NAND  321  ;
420  NOT  43  ;
421  NOT  1628  ;
422  NOT  1495  ;
423  BUF  232 691  ;
424  NAND  1582 1441  ;
428  NOT  629 240  ;
431  NAND  20  ;
434  NAND  1536  ;
435  NAND  681 602  ;
436  NAND  1015  ;
437  AND  400 1415  ;
438  NAND  563  ;
439  PI  288 1175  ;
441  NAND  701  ;
442  NAND  731  ;
443  NOT  410 1268 1230  ;
444  NAND  1638  ;
447  NAND  1034  ;
448  NAND  682  ;
449  NOT  352  ;
450  NOT  1094  ;
451  NAND  2 1517  ;
453  NOT  336  ;
455  NOT  1655  ;
456  NAND  2 1517  ;
458  NAND  59  ;
459  NOT  242  ;
461  NAND  1334  ;
464  NAND  500  ;
467  NOT  702  ;
470  BUF  654 228  ;
473  NOT  512  ;
474  NAND  1183  ;
477  NAND  1016  ;
480  NAND  879 521  ;
481  BUF  1291 828  ;
483  NAND  853  ;
484  NAND  1430  ;
485  NAND  1791  ;
487  NAND  2 1517  ;
488  BUF  447 872  ;
492  NAND  1492  ;
494  NAND  1215  ;
495  BUF  1718 1635  ;
496  NOT  1781 24  ;
498  NAND  65  ;
499  NAND  1184  ;
500  NAND  771 438  ;
503  NAND  1460  ;
505  NAND  1015  ;
508  NAND  341  ;
509  AND  658 1174  ;
512  NAND  957  ;
513  NAND  407  ;
514  NAND  611  ;
515  PI  371 1698  ;
517  NOT  1611  ;
518  BUF  27 698  ;
519  PI  481 1241  ;
521  NAND  370  ;
523  NAND  1342  ;
526  BUF  723 809  ;
527  PO   ;
528  NAND  1802  ;
530  NOT  782  ;
531  NOT  740  ;
533  NAND  1128  ;
535  NAND  665  ;
541  NOT  1718  ;
543  NAND  673 1817  ;
544  NAND  1566  ;
545  BUF  1708 910  ;
547  NOT  227  ;
550  AND  587 1435  ;
552  BUF  323 61  ;
553  NAND  249 196  ;
555  PO   ;
557  NAND  655  ;
559  NOT  856  ;
563  NAND  949  ;
564  NAND  223  ;
565  NOT  1120  ;
566  NAND  23  ;
567  NOT  129  ;
568  AND  10  ;
570  BUF  1306 636  ;
571  BUF  964 678  ;
572  NAND  1183  ;
578  BUF  1225 628  ;
579  NOT  355  ;
580  PO   ;
582  NAND  1061 1600  ;
584  NAND  1061 1600  ;
585  AND  269 1432  ;
587  BUF  1528 1779  ;
592  NAND  342 864 509 277 1344 760 451 51 859 311 687 746 774 487 456 99  ;
593  BUF  777 1522  ;
594  PO   ;
596  AND  448 567  ;
597  NAND  528  ;
598  NAND  1016  ;
601  NOT  1677  ;
602  NAND  853  ;
603  BUF  1425 559  ;
604  NAND  1339  ;
605  AND  1077 1777 1285 582 1374 859 774  ;
606  NOT  711  ;
607  NAND  424  ;
608  NOT  474  ;
609  AND  1341 33  ;
611  AND  900 118  ;
612  NOT  1080  ;
613  NAND  66  ;
614  NAND  646  ;
616  NOT  1386  ;
617  BUF  1427 611  ;
618  NAND  1754  ;
620  AND  1059 864 10 1248 1285 1573 1417 332 1796 760 859 746 774 99  ;
621  NAND  1608  ;
623  BUF  42 211  ;
624  BUF  1356 175  ;
625  BUF  1839 874  ;
626  NAND  397  ;
627  NAND  981  ;
628  NOT  1345  ;
629  NAND  718  ;
631  NAND  1184  ;
632  NAND  110  ;
636  NOT  597  ;
637  NOT  57  ;
638  BUF  227 89  ;
639  BUF  979 248  ;
641  BUF  483 14  ;
644  NAND  1572  ;
645  NAND  1339  ;
646  NAND  594  ;
647  NOT  1828  ;
649  BUF  178 291  ;
651  BUF  1160 253  ;
653  BUF  185 765  ;
654  NAND  1572  ;
655  PO   ;
656  BUF  1515 289  ;
657  BUF  1498 1469  ;
658  NOT  1739  ;
662  NAND  203  ;
664  NOT  1809  ;
665  NAND  1736  ;
667  NOT  295  ;
669  NOT  319  ;
671  NAND  596 35 371 1637 1606 609  ;
673  BUF  1085 362  ;
674  BUF  1552 29  ;
677  BUF  57 1824  ;
678  NAND  1873  ;
679  BUF  43 713  ;
681  NOT  483  ;
682  NAND  909 195  ;
683  BUF  1303 1660  ;
685  NOT  42  ;
686  PI  657 1035  ;
687  AND  420 614  ;
690  NAND  357  ;
691  NOT  769  ;
692  NAND  338  ;
694  NOT  185  ;
696  AND  887 406  ;
698  NOT  779  ;
700  NOT  656 1643 470  ;
701  NAND  867  ;
702  NAND  1359  ;
703  NOT  390  ;
705  AND  1077 1059 1041 585 1248 1285 865 1406 1573 1417 582 1796 955 877  ;
706  NAND  544  ;
708  NOT  947 620  ;
711  NAND  123  ;
713  NOT  614  ;
714  PI  677 1452  ;
716  NAND  1385  ;
717  NAND  424  ;
718  NAND  1700  ;
723  BUF  1468 1529  ;
729  BUF  692 803  ;
731  NAND  1679  ;
734  NOT  1479  ;
735  NOT  316  ;
736  NAND  791  ;
738  NAND  1215  ;
740  NAND  837  ;
742  NAND  1266  ;
744  NOT  1523 1384  ;
746  AND  1111 171  ;
748  BUF  736 130  ;
749  BUF  1228 413  ;
753  PO   ;
754  NOT  678  ;
757  NOT  56  ;
760  NAND  2 1517  ;
761  PI  378 785  ;
764  NOT  1871  ;
765  NOT  800  ;
766  NAND  1652  ;
767  BUF  948 1023  ;
769  NAND  557  ;
770  BUF  318 319  ;
771  NOT  1773  ;
772  BUF  316 647  ;
774  NAND  2 1517  ;
777  NOT  1026  ;
778  NOT  717  ;
779  NAND  1239  ;
781  PO   ;
782  NAND  183  ;
783  NOT  1467  ;
784  NAND  645  ;
785  NOT  997 222  ;
789  NOT  706 55  ;
790  BUF  1262 1044  ;
791  NAND  1305 1028  ;
793  NAND  77  ;
794  NAND  1424  ;
795  NAND  1234  ;
796  NOT  1021  ;
797  NAND  1351 1593  ;
798  PI  679 1124  ;
800  NAND  1404  ;
801  NAND  36  ;
802  AND  881 369  ;
803  NOT  1497  ;
804  NAND  731  ;
805  NOT  1109 766  ;
806  NAND  797  ;
808  NAND  1596 1451 1189  ;
809  BUF  361 351  ;
810  NOT  365 1576  ;
811  PI  1596 1189 696  ;
814  NAND  1776  ;
815  NOT  1226 1813 632 5 1289 604  ;
816  NAND  1314  ;
818  NOT  829  ;
820  BUF  1386 757  ;
828  NOT  369  ;
829  NAND  981  ;
830  NOT  607  ;
834  NOT  808  ;
835  NOT  1247  ;
836  NOT  1228  ;
837  NAND  308 941  ;
839  NAND  108  ;
841  PI  974 333  ;
853  NAND  156 1270  ;
856  NAND  335  ;
858  PI  1318 898  ;
859  AND  1526 441  ;
860  NOT  241  ;
862  NOT  1425  ;
863  NOT  1751  ;
864  AND  3 442  ;
865  NAND  382  ;
867  PO   ;
868  NOT  464  ;
872  NOT  895  ;
874  NOT  814  ;
875  BUF  975 1508  ;
877  NAND  1061 1600  ;
879  NOT  900  ;
881  NOT  1291  ;
883  BUF  512 1869  ;
887  BUF  742 1471  ;
888  NOT  1182  ;
889  NOT  419  ;
895  NAND  1034  ;
897  NAND  477 1688  ;
898  NOT  1837 772 1801  ;
900  NAND  370  ;
907  NAND  1061 1600  ;
908  NOT  1332  ;
909  NOT  1838  ;
910  NOT  1305  ;
913  NOT  1231  ;
914  NOT  251 770  ;
915  NAND  914  ;
920  BUF  190 292  ;
922  NOT  1174  ;
925  NOT  232  ;
927  NOT  1624  ;
928  PI  1637 275  ;
931  NAND  1695  ;
938  AND  200  ;
941  NAND  1460  ;
942  NOT  1626  ;
943  BUF  801 418  ;
945  NAND  784 1826  ;
947  AND  1041 509 865 955 451 1615 311 994 487  ;
948  AND  10 1248 1285 865 1406 1573 1417 332  ;
949  NOT  1350 740  ;
952  PI  1117 1714  ;
955  NAND  1061 1600  ;
956  NOT  523 450  ;
957  NAND  1282 1743  ;
959  NAND  1242 337  ;
960  AND  1059 864 1796 760 802 1615 584 994  ;
963  BUF  394 662  ;
964  NOT  1221  ;
967  NOT  631  ;
969  BUF  705 1277  ;
974  BUF  1629 176  ;
975  NAND  793  ;
976  PO   ;
978  NOT  142 170 948 1023  ;
979  NOT  212  ;
981  NAND  322 1827  ;
982  PI  1606 810  ;
983  NOT  248  ;
986  PO   ;
987  NAND  203  ;
989  NAND  618  ;
991  NAND  444  ;
993  BUF  102 85  ;
994  NAND  1061 1600  ;
997  BUF  474 1288  ;
998  NOT  111  ;
1006  NOT  477  ;
1008  BUF  419 612  ;
1009  AND  1809 764  ;
1010  NOT  18  ;
1012  NOT  44  ;
1015  NAND  326 1067  ;
1016  NAND  1609 141  ;
1021  NAND  945  ;
1022  BUF  716 1127  ;
1023  NAND  81 592  ;
1026  NAND  1250  ;
1028  NOT  1708  ;
1033  NAND  1587  ;
1034  NAND  1702 242  ;
1035  NOT  1687 943 570 920  ;
1041  AND  1748 358  ;
1044  NAND  66  ;
1046  BUF  1056 6  ;
1051  NOT  794  ;
1052  NAND  229  ;
1053  NOT  1468  ;
1054  NAND  339  ;
1056  NAND  1266  ;
1059  AND  637 989  ;
1061  AND  671 265  ;
1062  NAND  263  ;
1065  NOT  1815  ;
1067  NOT  533  ;
1069  BUF  1540 1654  ;
1070  NOT  1360 749  ;
1074  NOT  1495  ;
1075  NAND  305  ;
1076  BUF  829 48  ;
1077  AND  1662 1213  ;
1080  NAND  321  ;
1083  NOT  447  ;
1085  NOT  484  ;
1087  BUF  1243 1109  ;
1090  NOT  495 1798  ;
1094  NAND  1342  ;
1095  NAND  1114 814  ;
1096  PI  142 353 815 767  ;
1099  NAND  638 287  ;
1102  AND  35  ;
1107  PO   ;
1109  NAND  592  ;
1111  NOT  690  ;
1112  NAND  1536  ;
1114  NOT  1839  ;
1116  BUF  277 51 859 311 687 746 774 487 456 99  ;
1117  NAND  1495 90 1774  ;
1118  NAND  998 816  ;
1120  NAND  1719  ;
1124  NOT  883 1444  ;
1126  PI  805 514  ;
1127  NOT  190  ;
1128  NAND  1021 1012  ;
1129  NOT  27  ;
1130  BUF  484 199  ;
1132  NOT  1495  ;
1133  NAND  105  ;
1140  NOT  518 1390 206  ;
1143  BUF  122 1499  ;
1146  BUF  295 1157  ;
1147  AND  342 1344 1494 907  ;
1148  NOT  358  ;
1152  AND  1828 735  ;
1154  BUF  132 336  ;
1157  NOT  366  ;
1160  NAND  435  ;
1171  NOT  1825  ;
1172  NAND  718  ;
1174  NAND  1580  ;
1175  NAND  1427  ;
1176  BUF  1648 153  ;
1181  NOT  662  ;
1182  NAND  444  ;
1183  NAND  644 158  ;
1184  NAND  938  ;
1185  PO   ;
1186  NOT  653 1755 192  ;
1189  AND  609  ;
1196  PI  198 1087 218 391  ;
1199  NOT  245  ;
1201  NOT  1618  ;
1205  BUF  282 868  ;
1207  NAND  1186  ;
1211  AND  342 10 1248 865 1406 1417 332 1344 311 687 487 456  ;
1213  NAND  1616  ;
1215  NAND  1281 473  ;
1216  BUF  78 244  ;
1219  NOT  1552  ;
1221  NAND  1873  ;
1225  NAND  1761  ;
1226  NAND  58  ;
1227  NOT  461  ;
1228  NAND  167  ;
1230  BUF  1321 1369  ;
1231  NAND  397  ;
1234  NOT  1054 942  ;
1239  NAND  1362 597  ;
1241  NOT  1518 649 179  ;
1242  BUF  1780 1255  ;
1243  NAND  81  ;
1244  NAND  65  ;
1247  NAND  223  ;
1248  NAND  382  ;
1249  PO   ;
1250  NAND  1292  ;
1252  BUF  1611 1388  ;
1253  PI  820 1649  ;
1254  NOT  326  ;
1255  NAND  32  ;
1259  PI  1440 1304  ;
1260  NOT  411  ;
1261  BUF  182 453  ;
1262  NOT  613  ;
1266  NAND  234  ;
1268  BUF  508 1731  ;
1270  BUF  15 669  ;
1271  PI  1521 496  ;
1275  BUF  889 1080  ;
1276  NAND  341  ;
1277  AND  1462 1116  ;
1278  BUF  44 796  ;
1281  NAND  957  ;
1282  NAND  1099  ;
1285  NAND  382  ;
1287  NOT  1830  ;
1288  NOT  572  ;
1289  NAND  938  ;
1291  NAND  492  ;
1292  NOT  1495  ;
1293  PO   ;
1295  NOT  1282  ;
1297  AND  1777 342 864 509 277 10 1285 865 1406 1573 332 1374 1344 760 451 51  ;
1303  BUF  800 694  ;
1304  NOT  1205 346 1512 1143  ;
1305  NAND  69  ;
1306  NAND  528  ;
1307  BUF  1615 859 311 687 746 994 774 487 456 99  ;
1314  NAND  1295 131  ;
1318  BUF  352 1051  ;
1319  NAND  133  ;
1320  NOT  214  ;
1321  NAND  435  ;
1332  NAND  797  ;
1334  NAND  148  ;
1338  PO   ;
1339  AND  753  ;
1341  NOT  784  ;
1342  NAND  1821  ;
1344  NAND  2 1517  ;
1345  NAND  1761  ;
1349  BUF  1747 1345  ;
1350  NOT  1538  ;
1351  NOT  706  ;
1356  NAND  59  ;
1358  NOT  434  ;
1359  NAND  839 927  ;
1360  BUF  991 888  ;
1362  NOT  1306  ;
1367  NOT  1515  ;
1369  NOT  1160  ;
1371  NOT  1152 696  ;
1374  NAND  1061 1600  ;
1383  BUF  464 21  ;
1384  BUF  1732 641  ;
1385  NAND  1070  ;
1386  NAND  1832  ;
1387  NOT  621  ;
1388  NOT  1075  ;
1390  BUF  1825 46  ;
1398  NOT  564  ;
1399  NOT  605 1211  ;
1401  NOR  1859  ;
1404  NAND  913 626  ;
1406  NAND  382  ;
1408  PI  188 226  ;
1411  BUF  1276 1694  ;
1413  BUF  498 396  ;
1415  NOT  141  ;
1417  NAND  382  ;
1422  NAND  897  ;
1424  NAND  1249  ;
1425  NAND  335  ;
1427  AND  711 152  ;
1430  NAND  125  ;
1431  NAND  1741 1076  ;
1432  NAND  407  ;
1435  BUF  533 1254  ;
1440  BUF  1112 1358  ;
1441  NOT  78  ;
1444  BUF  143 1146  ;
1451  NAND  1495 969 1563  ;
1452  NOT  348 748 415  ;
1453  NOT  392  ;
1460  NAND  624 959  ;
1461  BUF  1383 83  ;
1462  BUF  1777 342 864 509 332 1374 1344 760 451 802 1494 1615 584 907 994  ;
1467  NAND  229  ;
1468  NAND  109  ;
1469  NOT  441  ;
1471  NOT  1056  ;
1473  PI  334 700  ;
1479  NAND  1578  ;
1484  BUF  1513 459  ;
1492  PO   ;
1494  AND  449 794  ;
1495  NAND  142 170  ;
1497  NAND  338  ;
1498  NAND  701  ;
1499  BUF  505 367  ;
1501  NOT  1044  ;
1502  NOT  171  ;
1508  NOT  408  ;
1510  NOT  283  ;
1512  BUF  856 862  ;
1513  NAND  1207  ;
1515  NAND  1587  ;
1517  NAND  1618  ;
1518  BUF  1062 1219  ;
1521  BUF  931 1148  ;
1522  NAND  1250  ;
1523  BUF  738 168  ;
1524  NAND  1669  ;
1525  PO   ;
1526  NOT  1498  ;
1527  NOT  1052  ;
1528  NAND  795  ;
1529  NOT  239  ;
1532  AND  330 1307  ;
1533  NOT  523  ;
1536  NAND  527  ;
1538  NAND  837  ;
1540  NAND  791  ;
1541  NOT  1112  ;
1544  NAND  485  ;
1546  PO   ;
1552  NAND  263  ;
1561  NOT  738  ;
1563  NOT  568  ;
1566  NOT  1009  ;
1572  NAND  598 1006  ;
1573  NAND  382  ;
1576  BUF  613 1501  ;
1578  NAND  631 409  ;
1580  NAND  555  ;
1582  NAND  1118  ;
1587  NAND  1510 355  ;
1591  BUF  91 1497  ;
1593  NAND  544  ;
1596  NAND  1130 1252  ;
1600  NAND  1628  ;
1606  AND  967 499  ;
1608  NAND  571 303 683  ;
1609  NOT  400  ;
1610  NAND  183  ;
1611  NAND  305  ;
1612  PO   ;
1615  AND  925 769  ;
1616  NAND  781  ;
1618  AND  1800 1830  ;
1622  NAND  167  ;
1624  NAND  108  ;
1626  NAND  339  ;
1628  AND  664 1871  ;
1629  NAND  1616  ;
1632  BUF  283 579  ;
1633  BUF  987 1181  ;
1635  NOT  1524  ;
1636  NOT  806  ;
1637  AND  547 566  ;
1638  NOT  1652  ;
1643  BUF  366 667  ;
1646  NAND  1675  ;
1648  BUF  1244 1734  ;
1649  NOT  1716 169 1022  ;
1652  AND  312 1287  ;
1654  NOT  736  ;
1655  NAND  897  ;
1657  BUF  621 1199  ;
1660  BUF  1677 467  ;
1662  NOT  1629  ;
1668  AND  1248  ;
1669  NAND  111 88  ;
1672  NAND  345  ;
1675  NAND  1655 1836  ;
1677  NAND  1359  ;
1678  NOT  626  ;
1679  PO   ;
1680  BUF  1624 1856  ;
1681  NAND  1132  ;
1687  BUF  239 1053  ;
1688  NOT  598  ;
1694  NOT  508  ;
1695  NAND  580  ;
1698  NOT  1841 578  ;
1700  NAND  1154 1591  ;
1702  NOT  1513  ;
1708  NAND  69  ;
1712  BUF  390 1720  ;
1714  AND  214 94  ;
1716  BUF  572 608  ;
1717  NOT  431  ;
1718  NAND  1669  ;
1719  NAND  411 734  ;
1720  NOT  225  ;
1726  NAND  795  ;
1731  NOT  1276  ;
1732  BUF  461 860  ;
1734  NOT  498  ;
1736  AND  1185  ;
1739  NAND  1580  ;
1741  BUF  1818 1768  ;
1742  BUF  250 565  ;
1743  NOT  131  ;
1747  NOT  1225  ;
1748  NOT  931  ;
1751  NAND  136  ;
1754  PO   ;
1755  BUF  702 601  ;
1761  NAND  398 172  ;
1765  PI  423 1140  ;
1766  PI  1431 1102 437  ;
1768  NOT  1255  ;
1773  NAND  563  ;
1774  NOT  1668  ;
1775  PI  278 1090  ;
1776  NAND  1413 103  ;
1777  AND  1541 434  ;
1779  NOT  1726  ;
1780  NOT  1818  ;
1781  BUF  1422 455  ;
1782  BUF  782 301  ;
1783  NOT  991  ;
1791  NOT  64 1176  ;
1792  BUF  1147 159  ;
1796  NAND  1061 1600  ;
1798  BUF  1484 545  ;
1800  NOT  312  ;
1801  BUF  674 1  ;
1802  NOT  1538 531  ;
1804  NOT  178  ;
1807  NOT  941  ;
1809  NAND  121  ;
1813  NAND  1736  ;
1815  NAND  136  ;
1817  BUF  517 1075  ;
1818  NAND  32  ;
1821  NAND  593 790  ;
1824  NOT  989  ;
1825  NAND  1675  ;
1826  NOT  33  ;
1827  NOT  38 1211  ;
1828  NAND  279  ;
1830  NAND  480  ;
1832  NAND  1107  ;
1835  BUF  1052 783  ;
1836  NOT  1422  ;
1837  BUF  1646 1171  ;
1838  NAND  1672  ;
1839  NAND  1776  ;
1841  BUF  212 983  ;
1856  NOT  839  ;
1858  NOT  195  ;
1859  PO   ;
1866  BUF  1773 416  ;
1869  NOT  1281  ;
1871  NAND  121  ;
1873  NAND  414 1726  ;

