CLK  PI  935 975 1105 505 989 1061 1168 816 812 1137 1211 939 1156 1092 1183 889 874 501 465 905 1104 891 1194 759 1126 1042 1086 993 446  ;
1  PI  888 51 680 1085  ;
2  PI  725 928 51 729 450 1191 70  ;
3  PI  483 988 37 1110 1217  ;
4  PI  801 833 199 37 976 28 220  ;
5  PI  20 941  ;
6  PI  786  ;
7  PI  839  ;
8  PI  866  ;
9  PI  704 965 976 21  ;
10  PI  42 1106 114 231  ;
11  PI  959 23 1003  ;
12  PI  1158 1021 1005 186  ;
13  PI  936 48 1005 186 959 1031 849  ;
14  PI  1062 1221 941 1164 112 34 268 913  ;
15  PI  1167 27  ;
16  PI  1200 27 1049 1146 920 988 1215 166 121 990 714 691 861  ;
18  NAND  59  ;
19  NOR  1044  ;
20  NOT  895 1045 995 696 776  ;
21  NAND  785 1067  ;
22  NOT  811 1102 1011  ;
23  NOR  975  ;
25  NOT  891  ;
26  NOR  1129  ;
27  AND  180  ;
28  NAND  1094 385  ;
29  OR  897  ;
31  NOT  515  ;
32  NOT  992  ;
33  NOT  969 1113 777  ;
34  NOR  81  ;
35  NOT  327  ;
37  NAND  1131 1178 1209 39  ;
38  NOT  1104  ;
39  NOR  749 1207  ;
42  NOT  947 94  ;
46  NAND  759  ;
48  OR  1213  ;
50  NOR  227  ;
51  NAND  848 768 1024 746 250  ;
52  NOR  1066 386  ;
53  NAND  1103  ;
54  NAND  1193  ;
55  OR  803  ;
57  AND  295  ;
59  NOR  206  ;
60  NOT  527 1176 838 763 346 447 1000 573 421 897 406 743 540 1076 393 298  ;
61  AND  896  ;
62  NOT  516  ;
63  NAND  1056  ;
65  NOR  164  ;
66  NAND  1177 840 491 805 1048  ;
68  NOR  53  ;
70  NOR  379 68  ;
73  AND  767  ;
74  NOR  1095  ;
75  AND  29  ;
76  OR  258  ;
79  AND  612  ;
80  NOR  1006 1024  ;
81  AND  1071  ;
83  OR  743  ;
85  NOR  999  ;
86  NOT  1206 461 115 1144  ;
87  NOR  965 737  ;
88  AND  419  ;
90  NOR  944 92  ;
92  NAND  1163 163  ;
94  NOR  87 207  ;
97  NOR  1129  ;
99  NOT  176  ;
100  NOT  31  ;
101  AND  464  ;
103  NOR  764 854  ;
110  NOT  527 1118 79 1098 83  ;
111  NOR  772 835  ;
112  NAND  850  ;
113  OR  1148  ;
114  AND  68  ;
115  AND  978  ;
116  OR  124  ;
118  AND  463  ;
121  OR  963  ;
122  AND  1119  ;
123  AND  375  ;
124  NAND  59  ;
125  AND  97  ;
129  AND  83  ;
130  NAND  735 750  ;
132  NOT  1190  ;
133  NAND  813 156 858  ;
135  NOT  953  ;
137  NAND  202  ;
138  AND  55  ;
142  NOT  1039 1206 418 219 1033 820 718 75 295 931 461 115 513 924 1144 803 1205 398 1023  ;
144  NOR  459  ;
146  AND  100  ;
150  NAND  1050  ;
151  OR  243  ;
153  AND  741  ;
154  NAND  1172  ;
156  NOR  488 1216  ;
160  NAND  745  ;
162  OR  366  ;
163  NAND  244  ;
164  NAND  790  ;
166  OR  154  ;
174  OR  522  ;
175  OR  479  ;
176  NOR  121  ;
177  NOR  495  ;
180  NOR  833 1182  ;
181  NOR  846  ;
182  OR  695  ;
183  NOR  153  ;
184  NOR  928  ;
185  NOT  517  ;
186  NOR  470 719 1003  ;
187  NOR  113  ;
190  NAND  122  ;
191  NOR  854 472  ;
192  OR  243  ;
194  NAND  1004 73  ;
199  OR  468  ;
202  NOR  980  ;
203  NAND  1042  ;
205  NOT  679  ;
206  NAND  905  ;
207  NOR  61  ;
208  NOT  1014  ;
210  NAND  433  ;
212  NOT  347  ;
214  NOR  498 680  ;
216  NOR  900  ;
219  AND  1018  ;
220  NAND  151  ;
227  NAND  889  ;
231  NAND  1022 113  ;
232  NOT  527 1176 838 219 138 346 447 713 254 686 1000 573 897 1035 88 743 540 1076 284 298  ;
233  OR  304  ;
234  OR  830  ;
239  NAND  1142  ;
241  NOR  1172 73  ;
243  NAND  449  ;
244  NOR  1115  ;
246  NOT  253  ;
248  NAND  1126  ;
250  NOR  752  ;
253  NOT  673  ;
254  AND  1038  ;
255  AND  234  ;
257  NOT  763 346 75  ;
258  AND  146  ;
259  NOT  1206  ;
263  NOT  1039 1173 418 1089 820 718 75 295 931 924 301 429 992 847 402 396 1205 578 436 398 1023 118 425  ;
268  NOR  1049 1121 987  ;
273  NAND  939  ;
278  AND  717  ;
280  NOR  474 691 929  ;
284  OR  350 1090  ;
287  NOR  1157  ;
291  NAND  1211  ;
292  NOR  841 66 887 1001  ;
295  AND  867  ;
296  NOR  302  ;
298  OR  32 1112  ;
301  AND  1017  ;
302  NAND  1135  ;
304  AND  623  ;
307  NOR  853 901 748 1101  ;
309  NOR  733 144  ;
310  NOR  919 101 1114  ;
315  NOR  248  ;
318  NOR  753  ;
320  OR  996 1090  ;
325  AND  233  ;
326  NOR  716  ;
327  NOR  484 1045 216 1052  ;
338  NOR  199  ;
342  NOT  676  ;
343  NOR  1106  ;
344  AND  796  ;
346  AND  1033  ;
347  NOT  674  ;
350  NOT  445 461 115 1144  ;
354  NOT  62  ;
356  OR  440  ;
366  AND  436  ;
368  AND  354  ;
370  OR  1098  ;
372  NOR  776  ;
375  NOR  459  ;
379  NOR  1129  ;
385  NOR  915 1079  ;
386  NOR  922  ;
387  NOR  972 480 472  ;
392  OR  743  ;
393  AND  463  ;
396  AND  182  ;
398  AND  234  ;
399  AND  779  ;
402  AND  793  ;
406  AND  1205  ;
412  AND  612  ;
418  AND  553  ;
419  OR  118  ;
421  AND  76  ;
422  AND  504  ;
425  OR  344  ;
429  AND  796  ;
431  AND  246  ;
433  NOR  827  ;
434  OR  469  ;
435  AND  814  ;
436  AND  208  ;
440  NOT  185  ;
441  NOT  518  ;
444  NOT  752 786 1046  ;
445  AND  1038  ;
446  SCANL  998 850 807 1001 310 39 280 1138 886 727  ;
447  AND  1057  ;
448  NAND  1031 1217  ;
449  NOT  459  ;
450  NAND  817 946  ;
452  AND  782  ;
454  OR  1011  ;
459  NAND  1156  ;
460  NOT  1036 63 124  ;
461  AND  174  ;
463  OR  435  ;
464  NOR  291  ;
465  SCANL  713 686 992  ;
468  NAND  690  ;
469  AND  1147  ;
470  NOT  1009 39 214  ;
471  NAND  19  ;
472  NAND  1028  ;
474  NOT  913 1222  ;
478  AND  731  ;
479  NAND  843  ;
480  NAND  1043 103  ;
483  NOT  804 28 1224 239  ;
484  AND  386  ;
485  NAND  736 52 327  ;
487  NAND  846 893  ;
488  NOT  1129 250  ;
491  OR  922  ;
494  NAND  777  ;
495  OR  471  ;
498  NAND  727 87  ;
500  NOT  519  ;
501  SCANL  142 422 763 1089  ;
504  OR  429  ;
505  SCANL  86 445 278 803  ;
513  AND  1075  ;
515  PO   ;
516  PO   ;
517  PO   ;
518  PO   ;
519  PO   ;
520  PO   ;
522  AND  402  ;
527  AND  431  ;
540  AND  255  ;
553  OR  1035  ;
572  AND  856  ;
573  AND  1017  ;
578  AND  356  ;
612  OR  794  ;
623  OR  212  ;
673  PO   ;
674  PO   ;
675  PO   ;
676  PO   ;
677  PO   ;
678  PO   ;
679  PO   ;
680  NAND  898  ;
684  NOT  1077  ;
686  AND  174  ;
687  NAND  816  ;
690  NOR  758  ;
691  NAND  950 893 1122  ;
692  NOT  849 387  ;
693  NOT  46  ;
695  AND  368  ;
696  OR  150  ;
699  NOR  273  ;
704  NOT  1171 798 187  ;
706  NOT  447  ;
707  NOT  871 736 1101 912 1113 987 861 1203 80  ;
713  AND  867  ;
714  NAND  194 154  ;
716  OR  738  ;
717  OR  398  ;
718  AND  1057  ;
719  OR  190  ;
723  NOR  1107  ;
725  NOT  1084 175 1114 1078 74  ;
727  NOR  1136 450 947  ;
729  NAND  1015 116  ;
731  NOR  203  ;
732  NOT  122 484 1097 962 1174 1213 1161 1009 448  ;
733  NOT  1133 1046  ;
735  NAND  92  ;
736  OR  735  ;
737  NOR  999  ;
738  NAND  433  ;
739  NOT  296  ;
741  NOR  999  ;
742  NOR  984 379  ;
743  AND  356  ;
744  NAND  901  ;
745  AND  65  ;
746  AND  1066  ;
747  AND  338  ;
748  NAND  716 872  ;
749  NAND  957 137  ;
750  NOR  861 176  ;
752  AND  1103  ;
753  NOT  471 1182  ;
758  NOT  1092  ;
759  SCANL  783 1006 487  ;
760  NOR  749 112  ;
761  NOT  968 385 183  ;
763  AND  553  ;
764  NOT  116  ;
766  NOT  747  ;
767  NOR  302  ;
768  AND  181  ;
771  OR  1048  ;
772  NAND  739 1148  ;
773  NOR  923 478 1210 375 244 690  ;
776  OR  18  ;
777  NAND  18 999  ;
779  OR  573  ;
782  OR  1000  ;
783  NOT  1174 749 307 268  ;
785  NOT  946 815  ;
786  NAND  125 858  ;
790  NOT  46  ;
792  OR  79  ;
793  NOT  1189  ;
794  NOT  441  ;
796  OR  325  ;
798  NAND  1022 343  ;
799  NOT  1221  ;
801  NOT  1224 1110 892  ;
803  AND  419  ;
804  OR  973  ;
805  NAND  1168  ;
807  NAND  485 723 1142  ;
811  NAND  465  ;
812  SCANL  344 469 412  ;
813  NOT  125  ;
814  AND  1025  ;
815  NOR  114  ;
816  SCANL  991 129 1000  ;
817  NOT  231 177  ;
818  NAND  1122 1142  ;
819  AND  315  ;
820  AND  779  ;
822  OR  973  ;
826  NOT  61  ;
827  NOT  446  ;
830  AND  572  ;
832  NOT  227  ;
833  AND  1067  ;
835  NOR  164  ;
838  AND  425  ;
839  NOT  478 876  ;
840  NOT  866 1146 895 464 50 65  ;
841  NOT  865  ;
843  AND  144  ;
846  OR  1040  ;
847  AND  792  ;
848  NOT  191  ;
849  NOR  1162 843  ;
850  OR  468  ;
853  NOT  1203 52 90  ;
854  AND  741  ;
856  NOT  205  ;
858  NOR  930 745  ;
859  AND  50  ;
861  NAND  916  ;
862  NOT  192  ;
865  NOR  1186 498 338  ;
866  AND  372  ;
867  OR  421  ;
868  NOT  914 1196 962 881 310 156  ;
871  OR  494  ;
872  NAND  1178  ;
874  SCANL  255  ;
876  OR  494  ;
880  NAND  33 1138  ;
881  NOR  1138  ;
886  NOR  761  ;
887  NAND  766 872 886  ;
888  NOT  1084 1099 822 729 818 1191 70  ;
889  SCANL  263 763 219 713  ;
891  SCANL  60 422 686 513  ;
892  NAND  804 744  ;
893  NAND  746  ;
895  AND  896  ;
896  NOR  248  ;
897  AND  792  ;
898  NOT  914 1078  ;
899  NAND  151  ;
900  NOT  819  ;
901  AND  216  ;
905  SCANL  1112 88 255  ;
911  AND  180  ;
912  NAND  203 210  ;
913  NOR  692 899  ;
914  AND  177  ;
915  NOT  1021 54  ;
916  NOT  1145 699  ;
919  NOT  1120  ;
920  AND  315  ;
922  NAND  812  ;
923  NOT  687 227 1044  ;
924  AND  132  ;
927  NOT  181 326  ;
928  OR  1133  ;
929  NAND  1015 70  ;
930  NOT  1159 1063  ;
931  AND  392  ;
933  NOT  1030 399 445 301 1118 847 402 436 146 325 368 1098 572 814 782 29 392  ;
935  SCANL  706  ;
936  NOT  1079 23  ;
938  NOR  1037  ;
939  SCANL  1076 695 830 435  ;
941  OR  190  ;
944  NOT  750  ;
946  NOR  920  ;
947  NAND  1153 318  ;
949  NOR  859 969 892 130 748  ;
950  NOT  1201  ;
953  NOT  677  ;
955  NOR  25  ;
957  NOT  97 1152  ;
959  NOR  935  ;
962  NAND  760 387 241  ;
963  NAND  832  ;
965  AND  1152  ;
966  NOT  995  ;
968  OR  54  ;
969  AND  731  ;
972  NOT  1036  ;
973  NAND  684  ;
975  SCANL  257 527 452  ;
976  NAND  495 318  ;
978  OR  396  ;
980  NOT  1183  ;
984  NOT  1037  ;
987  NAND  99 696 805  ;
988  OR  479  ;
989  SCANL  259 57  ;
990  NAND  1028  ;
991  NOT  445 522 366 258 695 830 435  ;
992  AND  76  ;
993  SCANL  868 1210 771 807 929 772 949 292 1132 858  ;
995  AND  767  ;
996  NOT  1075  ;
998  NOT  1186 192 1196 133 66 949 111 773  ;
999  NAND  501  ;
1000  AND  924  ;
1001  NAND  1094 742  ;
1003  NOR  1105  ;
1004  NOT  1043  ;
1005  NAND  747 1201 1193 990  ;
1006  AND  1029  ;
1009  NAND  799 111  ;
1011  NAND  1050  ;
1012  NOT  133 880  ;
1014  NOT  520  ;
1015  OR  738  ;
1017  OR  412  ;
1018  OR  393  ;
1021  OR  206  ;
1022  OR  811  ;
1023  AND  233  ;
1024  AND  296  ;
1025  NOT  500  ;
1028  OR  63  ;
1029  NOR  273  ;
1030  AND  434  ;
1031  NOR  1198 1095 239  ;
1033  AND  434  ;
1035  AND  182  ;
1036  NAND  202  ;
1037  NAND  874  ;
1038  OR  406  ;
1039  AND  431  ;
1040  NAND  19  ;
1042  SCANL  444 880 1216 307 760 1207 1120  ;
1043  OR  210  ;
1044  NAND  993  ;
1045  AND  26  ;
1046  NOR  505  ;
1048  NAND  244  ;
1049  AND  1145  ;
1050  NOR  1139  ;
1052  NOR  46  ;
1056  NOT  53  ;
1057  AND  135  ;
1060  NOT  687 963  ;
1061  SCANL  1109 284  ;
1062  NOT  123 719 1063 160 1097 130 865 1222  ;
1063  OR  137  ;
1066  NOR  1157  ;
1067  NOR  826  ;
1071  NOR  74  ;
1075  OR  1109  ;
1076  AND  1023  ;
1077  NOR  85 202  ;
1078  NAND  1153 815  ;
1079  NAND  454  ;
1082  NOT  1095  ;
1084  AND  191  ;
1085  NOR  81  ;
1086  SCANL  707 133 723 881 760 1119 1046  ;
1089  AND  1018  ;
1090  AND  717  ;
1092  SCANL  1023  ;
1094  OR  1040  ;
1095  NAND  150 1102  ;
1097  NAND  768 1131 52 886  ;
1098  AND  623  ;
1099  AND  835  ;
1101  NAND  1170 292 280  ;
1102  NAND  955  ;
1103  NOR  38  ;
1104  SCANL  232 1089 57 429 1109  ;
1105  SCANL  88 540  ;
1106  AND  1071  ;
1107  NOT  876  ;
1109  AND  419  ;
1110  NAND  1215 968 21 742 87  ;
1112  AND  162  ;
1113  NAND  771 773  ;
1114  NAND  822 744  ;
1115  NOT  1137  ;
1118  AND  1147  ;
1119  NOR  927  ;
1120  NOR  1161 487  ;
1121  AND  699  ;
1122  NOR  123  ;
1126  SCANL  732 819 66 214 90  ;
1128  NOT  342  ;
1129  NAND  1086  ;
1131  AND  326  ;
1132  NOR  912  ;
1133  NAND  690  ;
1135  NOT  1044  ;
1136  NOT  207  ;
1137  SCANL  110 452 820 447  ;
1138  NOR  1060  ;
1139  NOT  1194  ;
1142  NOR  460 85 938  ;
1144  AND  162  ;
1145  NOR  291  ;
1146  AND  1029  ;
1147  OR  578  ;
1148  NAND  433  ;
1152  NOR  1037  ;
1153  NAND  1171  ;
1156  SCANL  933 1039 1033 718 254  ;
1157  NAND  693  ;
1158  NOT  153 454 1164 818 220 480 1085 241  ;
1159  NOT  1061  ;
1161  NAND  268 80  ;
1162  NOT  241  ;
1163  NOT  372  ;
1164  NAND  48 343 1077  ;
1167  NOT  911 491 160  ;
1168  SCANL  418 138 57 320  ;
1170  NOT  1009 448  ;
1171  AND  737  ;
1172  AND  955  ;
1173  AND  370  ;
1174  NAND  1012 309 1132  ;
1176  AND  370  ;
1177  NOT  989  ;
1178  AND  287  ;
1182  NOR  22  ;
1183  SCANL  1218 1039 75 924  ;
1186  AND  1052  ;
1189  NOT  678  ;
1190  NOT  675  ;
1191  NOR  714 94  ;
1193  AND  938  ;
1194  SCANL  278 88 55 320 978  ;
1196  NAND  1082 871 485 309  ;
1198  NOT  1077  ;
1200  NOT  911 1121 175 798 887 899 34 103  ;
1201  AND  184  ;
1203  NOR  35 101 859  ;
1205  AND  1128  ;
1206  AND  504  ;
1207  NOR  1132  ;
1209  NAND  166 183  ;
1210  AND  26  ;
1211  SCANL  254 522 366 258  ;
1213  NAND  1001 929  ;
1215  OR  194  ;
1216  NAND  966 163 203  ;
1217  NOR  862 1099  ;
1218  NOT  1173 129 1030 399 718 301 1118 847 402 406 436 146 368 304 572 814  ;
1221  AND  287  ;
1222  NOR  680 184  ;
1224  NAND  1209 187  ;

