#	****************************
#	FASTEST ver. 6.0
#	[ATPG] Wed Feb 24 16:48:34 CDT 1993
#	[FILE:seq_1-vector]
#	****************************
# Number of PIs, SCANLs, LATCHs, SCANTICK, SCANAPPTICK.
#
17 29 0 1 1
 1 2 3 4 5 6 7 8
 9 10 11 12 13 14 15 16
 446 465 501 505 759 812 816 874
 889 891 905 935 939 975 989 993
 1042 1061 1086 1092 1104 1105 1126 1137
 1156 1168 1183 1194 1211

   1:	0001 1101 1000 0111 0110 1100 1000 1010
	0101 0101 0001 0;
   2:	1110 0001 0110 0110 0010 1010 0100 1010
	0000 0100 0000 1;
   3:	0111 1010 1100 0011 0111 1100 1100 0000
	0101 1101 1000 1;
   4:	0101 1101 0100 0111 0000 1000 0000 0110
	0100 1001 1101 1;
   5:	0011 0011 0011 0110 0110 1011 1100 1111
	0011 1010 1111 1;
   6:	1000 1001 0110 0101 0010 1011 0000 1110
	0001 1001 0101 0;
   7:	1000 0011 0001 0001 0101 1000 1110 0100
	0100 1101 1011 0;
   8:	1010 0100 1010 1001 0000 1111 1101 1000
	0000 1101 1111 1;
   9:	0101 0101 0010 0000 0011 1011 1000 0010
	0101 0100 1001 0;
  10:	0111 1001 1110 0101 0000 1011 1111 1110
	0101 1001 1000 1;
  11:	1101 1100 0101 0000 0101 1000 0111 0000
	0000 0101 0101 0;
  12:	1011 0111 0101 1001 0000 0100 0000 0110
	0010 0001 0001 0;
  13:	1010 1101 1010 0110 0100 1101 0111 0000
	0000 0001 1010 0;
  14:	0000 1100 0000 0101 0010 1100 0100 1000
	0100 1001 1100 1;
  15:	1001 1001 1100 0100 0110 1011 0110 0110
	0001 0001 1011 1;
  16:	0100 0110 1110 0101 1011 1100 0110 0101
	0100 0000 0100 0;
  17:	0001 0111 1011 0111 1010 0111 1001 0101
	1000 0000 1011 0;
  18:	1001 1100 0100 0111 0111 1011 0100 1001
	0100 1001 0000 1;
  19:	1010 1011 1110 0100 0001 1100 1010 0101
	0001 0001 0001 0;
  20:	1100 0110 1101 0111 0111 0000 0100 0011
	1011 1101 1100 1;
  21:	1110 1010 0101 0000 0010 1000 0001 0010
	0101 0001 1100 0;
  22:	1011 1101 1101 1001 1111 1111 0000 0110
	0101 0100 0011 1;
  23:	1110 0001 1110 0011 0011 0010 0010 0001
	0011 1001 1010 0;
  24:	1111 1110 1011 1011 1001 1001 1001 1011
	0000 1101 0101 0;
  25:	0001 1000 1101 1010 0011 1101 1010 0011
	0100 0100 1111 0;
  26:	1011 1000 0111 0101 1010 0011 1110 1011
	1001 1100 0011 1;
  27:	1001 0000 0010 1000 0001 1110 1010 0001
	0000 0011 1110 0;
  28:	1110 0100 1010 1100 0110 1001 1001 0011
	0001 1101 1101 1;
  29:	1001 1100 0000 1110 0011 1101 0000 0111
	1011 0011 0110 1;
  30:	1011 0010 1010 0110 0110 1010 1110 0000
	0000 1001 1100 1;
  31:	0000 0101 0110 1101 0000 1010 0111 0000
	0001 1011 0111 1;
  32:	1100 0110 0100 1110 0001 0100 1010 1000
	0010 1101 1111 1;
  33:	1100 1011 0001 0001 0011 1000 1000 1111
	0000 0100 1000 0;
  34:	1010 1010 0110 1100 0101 0010 0110 1001
	0111 0100 0001 0;
  35:	1011 1010 1111 0101 0100 1110 0001 0001
	0111 0001 0100 0;
  36:	0010 1111 1101 1101 1001 1111 1000 0100
	0100 0110 0000 1;
  37:	1110 1111 1011 0001 0000 1001 0110 0010
	0000 1111 0111 0;
  38:	0010 0101 1111 1111 0001 0010 0011 0010
	1000 1001 1010 1;
  39:	0011 0001 1010 1011 0101 1100 1110 1111
	0101 1010 0010 0;
  40:	1010 0011 0100 0000 1011 1101 1100 0011
	1011 0101 0110 0;
  41:	0101 0011 1100 0111 1011 1110 0010 1100
	0000 0011 1111 0;
  42:	0000 0101 0000 1011 1101 1110 0001 0101
	0011 0010 1101 1;
  43:	0101 1111 0001 1111 0000 1000 1101 0101
	0101 0111 1000 1;
  44:	0111 0011 0100 1000 1110 0001 1000 1000
	1011 0101 1110 0;
  45:	0100 0100 0000 0001 1001 1111 1010 1010
	0111 0100 0111 0;
  46:	1100 1000 0011 1000 1101 1110 1011 1110
	0100 1100 0100 1;
  47:	0010 0000 1001 1010 0011 1100 0111 1000
	0100 1110 0101 1;
  48:	1011 1111 1110 0100 1111 1000 0110 0010
	0110 1010 0110 0;
  49:	0110 0011 1001 1100 0000 0111 1110 1010
	1011 1100 0101 0;
  50:	0111 0100 1100 0000 0111 0110 1111 0100
	0101 0100 0110 1;
  51:	0001 1011 0001 1000 0101 1100 0010 1000
	1011 0101 1000 0;
  52:	1011 0111 1110 0111 0000 0001 1010 0011
	1111 0101 0011 0;
  53:	0011 0000 0011 0110 1101 1011 0011 0111
	1011 0010 1110 1;
  54:	1110 1100 1111 1101 1000 1111 1001 0000
	0101 1100 0010 0;
  55:	1011 0111 1010 1001 0110 1100 1110 0101
	0101 1100 1000 1;
  56:	1110 1101 0110 0111 1101 0000 1011 1010
	0101 0001 0000 1;
  57:	1001 0101 0000 1101 0100 0001 0100 1110
	1010 1000 0001 1;
  58:	0010 0100 0110 0111 1010 1001 1011 1100
	0001 1100 1001 0;
  59:	0010 1010 1001 0010 1001 1000 0001 1111
	1000 1000 0100 1;
  60:	1110 1000 0101 1011 0000 1100 0000 1000
	1010 1011 0000 1;
  61:	0000 1000 1110 1000 0110 1000 0000 1010
	0000 0101 0100 0;
  62:	0000 1110 0111 0010 0111 1010 0011 1110
	0101 1100 1101 1;
  63:	1100 1111 1101 0010 1001 0100 0111 0000
	1000 0000 0001 1;
  64:	1101 0101 1101 0010 1000 0100 0100 1011
	1111 1000 0101 1;
  65:	0101 1111 0110 0110 1100 1000 1010 1010
	0100 1000 1111 1;
  66:	1000 0111 1101 0101 0110 1011 0010 1000
	0011 1000 1010 0;
  67:	1000 0101 1111 0100 0001 1100 0010 1000
	0101 0110 0101 0;
  68:	0011 0001 0011 0011 1100 1101 0010 1001
	1100 1101 0000 1;
  69:	1010 1010 0011 1010 0100 1001 1010 1000
	1011 0100 0001 0;
  70:	1011 0110 0011 1101 0111 1100 1100 0110
	0100 0010 1000 1;
  71:	0000 0110 1010 0001 0001 1111 1011 1110
	0101 0100 0101 1;
  72:	0100 0011 1110 0111 0100 1010 0111 0010
	0101 1101 0001 1;
  73:	0101 1101 0101 0001 0011 1010 1001 1000
	0101 0101 0000 1;
  74:	0101 1110 1011 1000 0100 1000 0010 1000
	1101 1111 0100 0;
  75:	1001 0000 1100 0010 0111 1110 1111 0011
	0101 0001 1101 1;
  76:	0100 1010 0011 0111 0011 0001 0010 1101
	0011 1110 0001 0;
  77:	1001 0011 0101 0011 0011 1011 1100 1111
	0000 0010 1110 1;
  78:	1001 1000 1001 1101 0111 0001 1001 1101
	1000 0000 1110 1;
  79:	1100 1110 1100 1001 0011 1110 1011 0010
	0000 1001 1101 1;
  80:	1001 1110 1011 0110 1100 1001 0111 0101
	0101 0000 0111 0;
  81:	1101 0100 0100 1110 1101 0000 0111 1110
	1000 0101 0101 1;
  82:	1010 1110 1011 1110 0110 1110 0011 0010
	0100 0101 1110 0;
  83:	1011 0111 1100 1101 0100 0100 1110 0110
	0100 0000 0011 1;
  84:	0001 0111 1110 1011 1101 0100 0010 1110
	0010 0011 0100 0;
  85:	1000 0101 1101 1110 0010 0101 0111 1101
	0010 0111 0001 1;
  86:	1011 1010 1101 1011 1000 0111 0011 0000
	0011 0000 1010 0;
  87:	0001 0100 0110 0101 1100 1100 0110 1110
	1110 1111 0110 1;
  88:	1001 0100 1010 1111 1110 0101 0100 1110
	1010 0000 0011 0;
  89:	1011 0001 1101 1101 1000 0101 0111 1011
	0101 0011 0010 1;
  90:	0110 0110 0110 1110 1100 0100 0110 0001
	1011 1101 0111 1;
  91:	0110 0001 0101 0001 1101 1011 0010 0011
	1001 0111 1111 0;
  92:	1000 1101 1110 1010 0000 1100 1101 1100
	0101 0001 0000 1;
  93:	1001 0101 1000 0101 0000 1001 1110 0010
	0101 1000 1011 1;
  94:	0100 1010 0001 0000 0010 1001 1100 1110
	0000 1100 1011 0;
  95:	1111 1100 1010 1011 0100 0101 0011 1010
	0110 0001 1101 0;
  96:	1001 1101 0111 0101 0010 1111 0001 1011
	0101 1000 0001 0;
  97:	0101 1100 0111 0110 1000 1001 0101 0101
	0001 0100 0010 0;
  98:	1000 1111 1101 1100 0011 0110 0100 1100
	0010 0000 1000 0;
  99:	1101 1011 1011 1010 0100 1111 0101 1010
	0100 1101 1110 0;
 100:	0000 1001 1111 1011 0100 1110 0110 0111
	0001 0111 0011 0;
 101:	1010 1000 1001 1001 0001 1111 1101 1110
	0101 0101 1010 1;
 102:	0111 1001 0110 0100 1101 1110 1010 1010
	0001 0110 0010 0;
 103:	0010 0100 0010 1010 1100 1010 0110 0100
	0001 1000 0000 1;
 104:	0110 1001 0110 0000 1101 0010 0000 0010
	0001 1100 0000 1;
 105:	0101 0111 1111 0010 0100 1100 0111 1101
	1101 1110 1100 1;
 106:	1100 0110 1000 0011 0000 1101 0110 0010
	0011 0011 1101 1;
 107:	1111 1110 0000 0111 1000 0101 0001 1110
	1001 1011 1000 1;
 108:	0101 1111 0111 1110 1101 1000 0000 1000
	0010 1011 1100 1;
 109:	0000 1100 0101 0110 1000 1010 0011 0001
	1101 0110 0110 0;
 110:	0010 1000 0100 0110 0011 1011 1111 0001
	0101 1000 1001 1;
 111:	1101 1010 1000 0100 0100 1011 1001 0101
	0100 0100 1110 0;
 112:	1011 0100 0000 1111 1100 1111 0111 1011
	0101 1011 0101 1;
 113:	0111 1110 0010 1100 1110 1110 0111 0010
	0000 1011 0000 1;
 114:	1000 1001 0100 0100 0111 1011 1010 0000
	0001 0100 0100 0;
 115:	0010 0010 1011 1011 0101 1101 1010 0111
	0011 1001 0100 0;
 116:	0100 0001 0110 0110 0011 1110 0110 1110
	0100 0000 0100 1;
 117:	0101 0001 1100 0100 0001 1001 1011 1000
	0100 0100 1100 0;
 118:	0111 0110 1100 0100 1010 1001 1010 0001
	0001 1100 1010 1;
 119:	1000 0000 1100 0101 1010 1111 1011 0110
	0101 0100 0010 1;
 120:	0111 0111 1010 0010 0100 1010 0000 1101
	0011 0001 1011 0;
 121:	1010 1001 1111 0100 1001 1100 0010 1100
	0001 1010 0001 1;
 122:	1010 1010 1001 0001 1000 0100 1000 0101
	1000 1011 0000 1;
 123:	1110 0100 0011 1101 1101 1001 1101 0001
	1010 1001 0000 1;
 124:	1001 1100 1110 0000 0110 0101 1010 1010
	1001 1101 0101 0;
 125:	1111 0110 1101 1000 1001 0001 1000 1000
	1101 0011 1000 1;
 126:	1001 0100 0110 0010 1101 1001 1111 1000
	0011 0100 0101 1;
 127:	1010 1001 1000 1000 1001 1001 1010 1011
	1110 1010 0100 1;
 128:	0000 1001 1001 1000 0101 0000 1011 1001
	0010 0010 1011 1;
 129:	1001 0110 1100 1111 1010 0001 1000 1100
	0111 0000 0001 0;
 130:	1010 0101 0101 0010 1101 1100 0010 1110
	1100 0111 1101 1;
 131:	0100 1001 0111 1001 0000 1011 0000 1111
	0001 1011 1010 1;
 132:	0110 1011 0010 0001 0100 0101 1001 0010
	0111 1111 0001 1;
 133:	0100 1001 1101 1010 0110 1001 0110 1010
	1001 1011 0000 1;
 134:	1000 1001 0110 1001 1000 0001 0000 0111
	1101 1000 1111 0;
 135:	1000 0000 0100 1001 1101 0100 0011 0001
	0010 1110 1010 0;
 136:	0010 1001 1100 1001 0111 1110 0001 1001
	1111 0110 1100 0;
 137:	1011 0101 1110 1000 1010 1010 0000 1100
	1111 1111 0100 0;
 138:	0101 1001 1011 1110 0111 1110 0000 0101
	1011 0000 1011 0;
 139:	0011 0001 1111 0101 1011 1011 0010 0010
	1001 0011 1000 0;
 140:	1010 1000 0101 0111 0010 1100 0001 1110
	0000 1100 0101 1;
 141:	0010 1000 0010 0001 1011 1111 0001 1000
	0010 0100 1010 0;
 142:	1001 1011 0111 0001 1001 0001 0001 1000
	1101 1001 0001 0;
 143:	0011 1000 0011 1000 0001 0101 0100 1101
	1111 0110 1001 1;
 144:	0111 0100 1011 1101 0010 1001 1101 1000
	1000 0111 0100 1;
 145:	0001 0101 0110 1100 0001 0000 0110 0101
	1011 0010 1010 0;
 146:	0111 0100 1100 0010 0110 1111 0010 0110
	0000 0001 0010 0;
 147:	1000 1100 0110 0010 0111 0111 0000 0010
	0001 0001 1010 1;
 148:	1011 1100 0111 0000 0000 0011 0010 1011
	1011 0001 0110 1;
 149:	1100 0000 0110 0000 0010 0101 0110 1110
	0001 0111 0100 1;
 150:	1110 1011 0110 1010 1100 1100 0001 1101
	0111 0001 0001 0;
 151:	0101 0110 1001 0100 1000 0110 0000 1001
	1110 0010 1101 0;
 152:	0101 1110 1111 0011 0101 1100 0001 1011
	0010 0111 0000 0;
 153:	0101 0010 0010 1110 1100 1001 0000 1110
	0100 1111 0001 1;
 154:	1100 1011 1001 0111 1101 1100 0001 1001
	1100 0011 0010 0;
 155:	0011 0100 1110 0001 1000 0011 0010 1111
	1001 0010 0010 1;
 156:	0100 0001 0100 1001 0101 1101 0010 0101
	1110 0111 0100 1;
 157:	1010 0010 0100 0110 0010 1111 0011 0010
	0100 1011 0110 1;
 158:	1000 1101 1111 0010 0100 0101 1010 1110
	0110 0000 0100 0;
 159:	0101 1110 0110 1010 0000 0000 0011 1001
	0101 0011 0101 1;
 160:	0100 1101 1001 1111 1000 1000 0111 1011
	1101 0111 0000 1;
 161:	0110 0001 1100 0101 1011 0010 0100 0110
	0110 0001 0001 0;
 162:	1010 0011 0001 1001 0000 1000 0001 1010
	0110 0010 0100 1;
 163:	1011 1000 0110 0011 0101 0001 0101 1000
	1001 0101 0010 0;
 164:	1001 1110 0001 0001 0010 0110 0001 1001
	0010 0000 1100 1;
 165:	0000 0001 0110 1101 1101 0101 0000 1101
	0110 1110 0101 1;
 166:	1001 1101 0010 1011 0000 0101 1001 1000
	0110 0110 0101 1;
 167:	0001 1001 1001 0010 0010 1001 0101 1000
	1110 0110 0001 0;
 168:	1000 0001 1001 1010 0011 1100 1010 1001
	0111 0110 0101 0;
 169:	1011 0011 0000 0010 1001 0011 0111 1110
	0000 1000 0100 0;
 170:	1110 1101 1111 0011 0111 1100 1111 0000
	0101 1101 1010 0;
 171:	0101 1110 0011 0111 0111 1100 1111 1000
	0101 1001 0000 0;
 172:	1011 0110 1000 0111 1100 1011 1111 1000
	0100 1101 1010 0;
 173:	1001 0100 0100 1111 0001 1110 0100 0011
	0101 1100 1101 0;
 174:	0110 0001 0000 0100 0011 1111 0110 1100
	0100 1101 1001 0;
 175:	1100 1000 0001 0101 0011 1000 0100 1110
	0100 0111 1111 1;
 176:	1010 0010 1110 1000 0100 0001 1010 1000
	0110 1000 1100 1;
 177:	1000 1110 1010 0110 0000 1101 1101 0100
	0101 1100 0111 1;
#
#	Total 177 Test Vectors.
#
