16         0            0
16         0            1
15         0            0
15         0            1
14         0            0
14         0            1
13         0            0
13         0            1
12         0            0
12         0            1
11         0            0
11         0            1
10         0            0
10         0            1
9          0            0
9          0            1
8          0            1
6          0            1
5          0            0
5          0            1
4          0            0
4          0            1
3          0            0
3          0            1
2          0            0
2          0            1
1          0            0
1          0            1
1218       0            0
1218       0            1
933        0            0
933        0            1
868        0            0
868        0            1
991        0            0
991        0            1
783        0            0
783        0            1
732        0            0
732        0            1
707        0            0
707        0            1
706        0            1
452        0            0
452        975          1
452        1137         1
807        0            1
807        446          1
807        993          1
998        0            0
998        0            1
444        0            0
444        0            1
422        0            0
422        501          1
422        891          1
320        0            1
320        1168         0
320        1194         0
278        0            0
278        505          1
278        1194         1
263        0            0
263        0            1
259        0            1
257        0            0
257        0            1
232        0            0
232        0            1
142        0            0
142        0            1
110        0            0
110        0            1
86         0            0
86         0            1
60         0            0
60         0            1
57         989          1
57         1104         1
57         1168         1
1200       0            0
1200       0            1
27         0            0
27         15           1
27         16           1
1167       0            0
1167       0            1
1062       0            0
1062       0            1
936        0            0
936        0            1
186        0            0
186        12           0
186        13           0
1005       0            1
1005       12           1
1005       13           1
1158       0            0
1158       0            1
959        0            0
959        11           0
959        13           0
42         0            0
42         0            1
704        0            0
704        0            1
839        0            0
839        0            1
941        0            1
941        5            0
941        14           0
20         0            0
20         0            1
976        0            1
976        4            1
976        9            1
801        0            0
801        0            1
37         0            1
37         3            1
37         4            1
988        0            1
988        3            0
988        16           0
483        0            0
483        0            1
725        0            0
725        0            1
51         0            1
51         1            1
51         2            1
888        0            0
888        0            1
949        0            0
949        993          0
949        998          0
1030       0            0
1030       933          1
1030       1218         1
911        0            0
911        1167         1
911        1200         1
881        0            0
881        868          0
881        1086         0
1196       0            1
1196       868          1
1196       998          1
818        0            1
818        888          1
818        1158         1
1174       0            1
1174       732          1
1174       783          1
962        0            1
962        732          1
962        868          1
1097       0            1
1097       732          1
1097       1062         1
1084       0            0
1084       725          1
1084       888          1
723        807          0
723        1086         0
798        0            1
798        704          1
798        1200         1
1224       0            1
1224       483          1
1224       801          1
782        933          0
399        0            0
399        933          1
399        1218         1
996        0            0
310        0            0
310        446          0
310        868          0
307        0            0
307        783          0
307        1042         0
847        0            0
847        263          1
847        933          1
847        1218         1
301        0            0
301        263          1
301        933          1
301        1218         1
1089       0            0
1089       263          1
1089       501          1
1089       1104         1
1173       0            0
1173       263          1
1173       1218         1
284        0            1
284        232          0
284        1061         0
686        0            0
686        232          1
686        465          1
686        891          1
254        0            0
254        232          1
254        1156         1
254        1211         1
713        0            0
713        232          1
713        465          1
713        889          1
719        0            1
719        186          0
719        1062         0
470        0            0
470        0            1
175        0            1
175        725          0
175        1200         0
160        0            1
160        1062         1
160        1167         1
513        0            0
513        142          1
513        891          1
931        0            0
931        142          1
931        263          1
718        142          1
718        263          1
718        1156         1
718        1218         1
820        0            0
820        142          1
820        263          1
820        1137         1
219        0            0
219        142          1
219        232          1
219        889          1
418        0            0
418        142          1
418        263          1
418        1168         1
1039       142          1
1039       263          1
1039       1156         1
1039       1183         1
138        0            0
138        232          1
138        1168         1
129        0            0
129        816          1
129        1218         1
1118       0            0
1118       110          1
1118       933          1
1118       1218         1
88         0            0
88         232          1
88         905          1
88         1105         1
88         1194         1
1206       0            0
1206       86           1
1206       142          1
75         0            0
75         142          1
75         257          1
75         263          1
75         1183         1
298        0            1
298        60           0
298        232          0
1076       60           1
1076       232          1
1076       939          1
540        60           1
540        232          1
540        1105         1
447        60           1
447        232          1
447        1137         1
346        60           1
346        232          1
346        257          1
763        0            0
763        60           1
763        257          1
763        501          1
763        889          1
838        0            0
838        60           1
838        232          1
1176       0            0
1176       60           1
1176       232          1
527        60           1
527        110          1
527        232          1
527        975          1
295        0            0
295        142          1
295        263          1
848        0            0
990        16           1
990        1005         1
34         14           0
34         1200         0
1164       0            1
1164       14           1
1164       1158         1
1003       0            0
1003       11           0
1003       186          0
23         0            0
23         11           0
23         936          0
786        0            1
786        444          1
220        4            1
220        1158         1
28         0            1
28         4            1
28         483          1
1110       0            1
1110       3            1
1110       801          1
1191       0            0
1191       2            0
1191       888          0
729        0            1
729        2            1
729        888          1
1085       1            0
1085       1158         0
1082       0            1
1012       0            0
1012       0            1
892        0            1
892        801          1
892        949          1
760        0            0
760        962          0
760        1042         0
760        1086         0
871        0            1
871        707          0
871        1196         0
485        0            1
485        807          1
485        1196         1
392        933          0
343        798          0
343        1164         0
1114       0            1
1114       310          1
1114       725          1
919        0            0
309        0            0
309        1174         0
309        1196         0
1101       0            1
1101       307          1
1101       707          1
748        0            1
748        307          1
748        949          1
853        0            0
853        0            1
1112       0            0
1112       298          1
1112       905          1
1090       0            0
1090       284          1
1090       320          1
350        0            0
350        0            1
425        263          0
255        0            0
255        905          1
214        0            0
214        470          0
214        1126         0
187        0            0
187        704          0
187        1224         0
1023       0            0
1023       142          1
1023       263          1
1033       0            0
1033       142          1
1033       1156         1
130        0            1
130        949          1
130        1062         1
83         110          0
1000       60           1
1000       232          1
1000       816          1
55         1194         0
768        0            0
768        51           1
768        1097         1
94         0            0
94         42           0
94         1191         0
39         0            0
39         37           0
39         446          0
39         470          0
1209       0            1
1209       37           1
1209       1224         1
1131       0            0
1131       37           1
1131       1097         1
81         0            0
32         0            1
29         933          0
714        0            1
714        16           1
714        1191         1
1215       0            1
1215       16           0
1215       1110         0
48         0            1
48         13           0
48         1164         0
21         0            1
21         9            1
21         1110         1
1170       0            0
1170       0            1
1109       1061         1
1109       1104         1
1120       0            0
1120       1042         0
880        0            1
880        1012         1
880        1042         1
876        0            1
876        839          0
822        0            1
822        888          0
822        1114         0
744        0            1
744        892          1
744        1114         1
1203       0            0
1203       707          0
1203       853          0
736        0            1
736        485          0
736        707          0
804        0            1
804        483          0
804        892          0
445        0            0
445        350          1
445        505          1
445        933          1
445        991          1
344        812          1
733        0            0
733        0            1
292        0            0
292        993          0
292        1101         0
280        0            0
280        446          0
280        1101         0
429        263          1
429        1104         1
1035       232          1
194        714          1
924        142          1
924        263          1
924        1183         1
133        0            1
133        998          1
133        1012         1
133        1086         1
122        732          1
1098       110          1
1098       933          1
90         0            0
90         853          0
90         1126         0
1144       0            0
1144       86           1
1144       142          1
1144       350          1
115        0            0
115        86           1
115        142          1
115        350          1
461        0            0
461        86           1
461        142          1
461        350          1
393        60           1
743        60           1
743        232          1
421        60           1
573        60           1
573        232          1
803        142          1
803        505          1
52         0            0
52         485          0
52         853          0
52         1097         0
1213       732          1
1207       0            0
1207       39           0
1207       1042         0
749        0            1
749        39           1
749        760          1
749        783          1
992        0            0
992        263          1
992        465          1
897        60           1
897        232          1
785        0            0
785        0            1
166        0            1
166        16           0
166        1209         0
112        14           1
112        760          1
1106       0            0
1106       10           1
833        0            0
833        4            1
833        180          1
1132       993          0
1132       1174         0
859        0            0
859        949          1
859        1203         1
957        0            0
957        0            1
1161       0            1
1161       732          1
1161       1120         1
487        0            1
487        759          1
487        1120         1
1009       0            1
1009       470          1
1009       732          1
1009       1170         1
448        0            1
448        732          1
448        1170         1
1138       446          0
1138       880          0
1046       0            0
1046       444          0
1046       733          0
1046       1086         0
469        812          1
901        307          1
1001       0            1
1001       292          1
1001       446          1
1001       1213         1
887        0            1
887        292          1
887        1200         1
841        0            0
929        0            1
929        280          1
929        993          1
929        1213         1
474        0            0
474        0            1
253        0            0
1004       0            0
154        714          1
398        142          1
398        263          1
953        0            0
858        0            0
858        133          0
858        786          0
858        993          0
156        0            0
156        133          0
156        868          0
813        0            1
735        130          1
1119       1086         0
978        1194         0
850        0            1
850        446          0
101        0            0
101        310          1
101        1203         1
944        0            0
66         0            1
66         292          1
66         998          1
66         1126         1
35         0            0
33         0            0
33         0            1
1067       21           0
691        0            1
691        16           1
691        280          1
930        0            0
930        0            1
865        0            0
865        1062         0
799        0            1
766        0            1
872        0            1
872        748          1
872        887          1
742        0            0
742        1001         0
742        1110         0
1015       0            1
1015       729          0
1015       929          0
912        707          1
1122       691          0
1122       818          0
950        0            1
893        0            1
893        487          1
893        691          1
1222       0            0
1222       474          0
1222       1062         0
886        446          0
886        887          0
886        1097         0
412        812          1
325        933          1
396        263          1
522        991          1
522        1211         1
366        991          1
366        1211         1
745        858          1
1216       0            1
1216       156          1
1216       1042         1
488        0            0
488        0            1
750        0            0
750        130          0
125        0            0
125        786          1
118        263          1
111        0            0
111        998          0
111        1009         0
92         90           1
80         0            0
80         707          0
80         1161         0
79         110          1
258        991          1
258        1211         1
74         725          0
491        0            1
491        66           0
491        1167         0
840        0            0
840        0            1
1177       0            0
1177       0            1
406        60           1
406        1218         1
327        0            0
327        485          0
777        33           1
1113       0            1
1113       33           1
1113       707          1
969        0            0
969        33           1
969        949          1
1094       0            1
1094       28           0
1094       1001         0
913        0            0
913        14           0
913        474          0
268        0            0
268        14           0
268        783          0
268        1161         0
1031       0            0
1031       13           0
1031       448          0
1217       0            0
1217       3            0
1217       448          0
70         0            0
70         2            0
70         888          0
70         929          0
1198       0            0
966        0            1
1201       0            0
1201       1005         1
1063       0            1
1063       930          0
1063       1062         0
1159       0            0
1159       0            1
899        913          1
899        1200         1
1099       0            0
1099       888          1
1099       1217         1
1186       0            0
1186       865          1
1186       998          1
862        0            0
773        0            0
773        998          0
773        1113         0
771        0            1
771        993          0
771        1113         0
761        0            1
747        0            0
747        1005         1
984        0            1
692        0            0
692        0            1
484        0            0
484        327          1
484        732          1
326        927          0
987        0            1
987        268          1
987        707          1
1121       0            0
1121       268          1
1121       1200         1
436        263          1
436        933          1
436        1218         1
578        263          1
402        263          1
402        933          1
402        1218         1
239        483          1
239        1031         1
830        939          1
830        991          1
216        327          0
498        0            1
498        214          1
498        865          1
181        927          0
146        933          1
146        1218         1
1205       142          1
1205       263          1
123        0            0
123        1062         1
772        0            1
772        111          1
772        993          1
464        840          0
97         957          0
163        92           1
163        1216         1
1163       0            0
1006       0            0
1006       80           1
1006       759          1
1095       1031         1
379        70           0
379        742          0
65         840          0
250        51           0
250        488          0
746        51           1
1024       0            0
1024       51           1
1024       80           1
50         840          0
1178       37           1
1045       0            0
1045       20           1
1045       327          1
895        0            0
895        20           1
895        840          1
861        16           1
861        707          1
861        750          1
1146       0            0
1146       16           1
1146       840          1
1049       0            0
1049       16           1
1049       268          1
1221       0            0
1221       14           1
866        0            0
866        840          1
680        1            1
680        214          1
680        1222         1
916        0            0
1210       0            0
1210       773          1
1210       993          1
923        0            0
923        0            1
968        0            1
968        761          0
968        1110         0
739        0            0
1077       1164         0
898        0            0
572        933          1
572        1218         1
478        0            0
478        773          1
478        839          1
727        0            0
727        446          0
727        498          0
435        939          1
435        991          1
387        0            0
387        692          0
387        962          0
338        865          0
1052       327          0
716        748          0
752        0            0
752        444          1
1142       0            0
1142       807          0
1142       818          0
304        1218         1
192        0            1
192        998          0
184        1222         0
183        761          0
183        1209         0
695        939          1
695        991          1
846        487          0
151        0            1
137        749          1
375        773          0
835        111          0
99         0            0
87         0            0
87         94           0
87         498          0
87         1110         0
1048       66           1
805        0            1
805        66           1
805        987          1
386        52           0
1066       52           0
385        0            0
385        28           0
385        761          0
696        0            1
696        20           0
696        987          0
995        0            0
995        20           1
849        0            0
849        13           0
849        692          0
1145       916          0
914        0            0
914        868          1
914        898          1
1162       0            0
819        1126         1
1136       0            0
1078       0            1
1078       725          1
1078       898          1
699        916          0
687        0            1
687        923          1
687        1060         1
843        849          1
460        0            0
460        0            1
814        933          1
814        1218         1
480        0            1
480        387          1
480        1158         1
972        0            1
1079       385          1
1079       936          1
915        0            0
915        0            1
368        933          1
368        1218         1
472        191          1
472        387          1
244        773          0
153        0            0
153        1158         1
150        1095         1
176        0            0
176        750          0
85         1077         0
85         1142         0
947        0            1
947        42           1
947        727          1
776        20           0
965        0            0
965        9            1
965        87           1
199        4            0
450        0            1
450        2            1
450        727          1
928        2            0
1152       957          0
1153       0            1
1153       947          1
1153       1078         1
815        785          0
815        1078         0
1133       733          1
1043       0            1
1043       480          0
1028       0            1
1036       460          1
454        0            1
454        1158         0
946        450          0
946        785          0
817        0            0
817        0            1
318        947          0
318        976          0
241        0            0
241        962          0
241        1158         0
203        912          1
203        1216         1
144        309          0
103        0            0
103        480          0
103        1200         0
207        94           0
54         915          1
1129       488          1
18         777          1
121        16           0
1021       0            1
1021       12           0
1021       915          0
1171       704          1
690        773          0
753        0            1
210        912          1
177        817          0
1172       241          1
202        1077         0
963        1060         1
854        0            0
854        103          1
854        191          1
764        0            0
73         0            0
73         194          1
73         241          1
63         460          1
1193       1005         1
920        0            0
920        16           1
231        0            1
231        10           1
231        817          1
114        0            0
114        10           1
938        1142         0
1022       0            1
1022       231          0
1022       798          0
1182       180          0
1182       753          0
495        976          0
116        0            1
116        729          0
113        231          0
737        87           0
68         70           0
471        753          1
124        460          1
1148       772          1
999        777          1
227        923          1
22         0            1
1011       22           1
1102       22           1
1102       1095         1
811        22           1
1044       923          1
446        0            0
446        0            1
993        0            0
993        0            1
1086       0            0
1086       0            1
1042       0            0
1042       0            1
1126       0            0
1126       0            1
759        0            0
759        0            1
1194       0            0
1194       0            1
891        0            0
891        0            1
1104       0            0
1104       0            1
905        0            0
905        0            1
465        0            0
465        0            1
501        0            0
501        0            1
874        0            1
889        0            0
889        0            1
1183       0            0
1183       0            1
1092       0            1
1156       0            0
1156       0            1
939        0            0
939        0            1
1211       0            0
1211       0            1
1137       0            0
1137       0            1
812        0            0
812        0            1
816        0            0
816        0            1
1168       0            0
1168       0            1
1061       0            0
1061       0            1
989        0            0
989        0            1
505        0            0
505        0            1
1105       0            0
1105       0            1
975        0            0
975        0            1
